0.000000	1008.119860	1677.294804	-669.174944	1076.482826	0.000000
0.010000	1008.118777	1669.581762	-661.462985	1071.532619	0.000000
0.020000	1008.114984	1648.640232	-640.525248	1058.092407	0.000000
0.030000	1008.107963	1610.049681	-601.941718	1033.325106	0.000000
0.040000	1008.099030	1546.178729	-538.079699	992.332918	0.000000
0.050000	1008.097431	1449.622879	-441.525448	930.363661	0.000000
0.060000	1008.117852	1327.207603	-319.089750	851.797900	0.000000
0.070000	1008.139605	1214.118696	-205.979092	779.217776	0.000000
0.080000	1008.135020	1143.208394	-135.073374	733.707754	0.000000
0.090000	1008.127400	1111.442092	-103.314692	713.320235	0.000000
0.100000	1008.124538	1105.123126	-96.998588	709.264742	0.000000
0.110000	1008.121054	1115.469873	-107.348818	715.905253	0.000000
0.120000	1008.118258	1134.570649	-126.452390	728.164075	0.000000
0.130000	1008.119190	1156.798576	-148.679387	742.429893	0.000000
0.140000	1008.116509	1181.091921	-172.975413	758.021289	0.000000
0.150000	1008.109510	1202.058885	-193.949375	771.477824	0.000000
0.160000	1008.110518	1210.212214	-202.101696	776.710607	0.000000
0.170000	1008.120459	1207.157800	-199.037341	774.750293	0.000000
0.180000	1008.130490	1207.395346	-199.264856	774.902749	0.000000
0.190000	1008.127447	1224.176045	-216.048598	785.672552	0.000000
0.200000	1008.118744	1252.672150	-244.553406	803.961268	0.000000
0.210000	1008.117186	1279.041512	-270.924325	820.885045	0.000000
0.220000	1008.119127	1297.586456	-289.467330	832.787136	0.000000
0.230000	1008.120520	1308.713865	-300.593345	839.928674	0.000000
0.240000	1008.121020	1313.396729	-305.275709	842.934122	0.000000
0.250000	1008.122010	1312.192995	-304.070985	842.161569	0.000000
0.260000	1008.124935	1306.887075	-298.762140	838.756246	0.000000
0.270000	1008.127930	1301.861936	-293.734006	835.531126	0.000000
0.280000	1008.127299	1301.115802	-292.988503	835.052259	0.000000
0.290000	1008.124995	1303.724178	-295.599183	836.726308	0.000000
0.300000	1008.124211	1306.074100	-297.949889	838.234480	0.000000
0.310000	1008.125028	1306.258471	-298.133443	838.352809	0.000000
0.320000	1008.126398	1304.714605	-296.588207	837.361961	0.000000
0.330000	1008.127410	1302.873553	-294.746143	836.180379	0.000000
0.340000	1008.127790	1301.834688	-293.706898	835.513638	0.000000
0.350000	1008.127836	1301.895986	-293.768149	835.552979	0.000000
0.360000	1008.127833	1302.875555	-294.747721	836.181664	0.000000
0.370000	1008.127850	1304.493931	-296.366081	837.220333	0.000000
0.380000	1008.127852	1306.485911	-298.358059	838.498780	0.000000
0.390000	1008.127764	1308.549266	-300.421502	839.823035	0.000000
0.400000	1008.127622	1310.257199	-302.129577	840.919181	0.000000
0.410000	1008.127577	1311.123377	-302.995800	841.475091	0.000000
0.420000	1008.127701	1310.815125	-302.687423	841.277256	0.000000
0.430000	1008.127937	1309.271596	-301.143658	840.286624	0.000000
0.440000	1008.128198	1306.644007	-298.515809	838.600245	0.000000
0.450000	1008.128432	1303.175433	-295.047001	836.374125	0.000000
0.460000	1008.128624	1299.113798	-290.985174	833.767379	0.000000
0.470000	1008.128789	1294.676323	-286.547534	830.919421	0.000000
0.480000	1008.128944	1290.056630	-281.927686	827.954516	0.000000
0.490000	1008.129065	1285.433770	-277.304706	824.987578	0.000000
0.500000	1008.129113	1280.937642	-272.808530	822.101977	0.000000
0.510000	1008.129090	1276.597540	-268.468450	819.316512	0.000000
0.520000	1008.129044	1272.345241	-264.216197	816.587399	0.000000
0.530000	1008.129021	1268.081176	-259.952155	813.850735	0.000000
0.540000	1008.129028	1263.738616	-255.609588	811.063692	0.000000
0.550000	1008.129046	1259.295218	-251.166171	808.211933	0.000000
0.560000	1008.129080	1254.753786	-246.624706	805.297255	0.000000
0.570000	1008.129161	1250.148557	-242.019396	802.341633	0.000000
0.580000	1008.129295	1245.580841	-237.451546	799.410086	0.000000
0.590000	1008.129424	1241.218522	-233.089098	796.610363	0.000000
0.600000	1008.129479	1237.217080	-229.087601	794.042249	0.000000
0.610000	1008.129447	1233.622183	-225.492736	791.735055	0.000000
0.620000	1008.129384	1230.354020	-222.224636	789.637558	0.000000
0.630000	1008.129345	1227.281646	-219.152301	787.665718	0.000000
0.640000	1008.129341	1224.301182	-216.171840	785.752864	0.000000
0.650000	1008.129359	1221.358350	-213.228991	783.864163	0.000000
0.660000	1008.129388	1218.434020	-210.304632	781.987337	0.000000
0.670000	1008.129426	1215.530721	-207.401295	780.124009	0.000000
0.680000	1008.129374	1212.474648	-204.345274	778.162630	15.472072
0.690000	1008.129450	1208.918650	-200.789199	775.880401	34.343503
0.700000	1008.129537	1204.933727	-196.804190	773.322890	52.352066
0.710000	1008.129632	1200.625603	-192.495970	770.557948	69.048344
0.720000	1008.129738	1196.116950	-187.987212	767.664308	84.015616
0.730000	1008.129855	1191.549663	-183.419809	764.733037	96.880250
0.740000	1008.129974	1187.083468	-178.953494	761.866646	107.321029
0.750000	1008.130082	1182.883928	-174.753845	759.171394	115.077165
0.760000	1008.130166	1179.102110	-170.971945	756.744234	119.954810
0.770000	1008.130213	1175.852905	-167.722692	754.658904	121.831892
0.780000	1008.130219	1173.198237	-165.068018	752.955146	120.661166
0.790000	1008.130184	1171.138545	-163.008362	751.633242	116.471396
0.800000	1008.130114	1169.613280	-161.483166	750.654331	109.366642
0.810000	1008.130019	1168.509501	-160.379482	749.945929	99.523676
0.820000	1008.129911	1167.676637	-159.546726	749.411400	87.187589
0.830000	1008.129081	1166.940462	-158.811381	748.938925	74.763569
0.840000	1008.129018	1165.547714	-157.418696	748.045063	83.561591
0.850000	1008.129031	1162.972267	-154.843236	746.392149	90.272787
0.860000	1008.129114	1159.237055	-151.107940	743.994901	94.728701
0.870000	1008.129258	1154.478635	-146.349377	740.940961	96.817362
0.880000	1008.130058	1149.209945	-141.079887	737.559532	115.172965
0.890000	1008.130221	1144.022472	-135.892250	734.230226	131.241755
0.900000	1008.130364	1139.185281	-131.054916	731.125732	144.041779
0.910000	1008.130476	1134.934593	-126.804117	728.397653	153.253225
0.920000	1008.130545	1131.455970	-123.325425	726.165083	158.645924
0.930000	1008.130564	1128.867595	-120.737032	724.503872	160.085107
0.940000	1008.130524	1127.206386	-119.075861	723.437712	157.534766
0.950000	1008.130426	1126.419040	-118.288614	722.932396	151.058556
0.960000	1008.130275	1126.361239	-118.230964	722.895300	140.818198
0.970000	1008.130089	1126.808750	-118.678661	723.182511	127.069436
0.980000	1008.129892	1127.483342	-119.353450	723.615462	110.155650
0.990000	1008.129719	1128.093372	-119.963653	724.006978	90.499266
1.000000	1008.129601	1128.383363	-120.253762	724.193093	68.591206
1.010000	1008.129555	1128.179640	-120.050084	724.062344	44.978618
1.020000	1008.129570	1127.412751	-119.283181	723.570157	20.251201
1.030000	1008.129768	1126.120622	-117.990854	722.740872	0.000000
1.040000	1008.129755	1125.022882	-116.893127	722.036346	0.000000
1.050000	1008.129672	1124.423436	-116.293764	721.651624	0.000000
1.060000	1008.129560	1124.191073	-116.061514	721.502494	0.000000
1.070000	1008.129463	1124.143799	-116.014337	721.472154	0.000000
1.080000	1008.129406	1124.115613	-115.986207	721.454064	0.000000
1.090000	1008.129390	1123.995719	-115.866329	721.377116	0.000000
1.100000	1008.129401	1123.732875	-115.603474	721.208424	0.000000
1.110000	1008.129426	1123.319517	-115.190091	720.943132	0.000000
1.120000	1008.129453	1122.771806	-114.642354	720.591612	0.000000
1.130000	1008.129477	1122.114106	-113.984629	720.169502	0.000000
1.140000	1008.127871	1121.366579	-113.238708	719.689742	1.432374
1.150000	1008.127927	1119.845478	-111.717552	718.713504	29.787850
1.160000	1008.128056	1117.049536	-108.921480	716.919077	57.422262
1.170000	1008.127803	1113.068261	-104.940458	714.363906	95.386490
1.180000	1008.128074	1107.932396	-99.804322	711.067723	135.284793
1.190000	1008.128392	1102.055379	-93.926987	707.295871	171.824480
1.200000	1008.128724	1095.939731	-87.811008	703.370867	204.093623
1.210000	1008.129035	1090.111014	-81.981979	699.630013	231.286992
1.220000	1008.129293	1085.062952	-76.933659	696.390182	252.726140
1.230000	1008.129469	1081.205163	-73.075694	693.914264	267.876331
1.240000	1008.129547	1078.820249	-70.690703	692.383634	276.359891
1.250000	1008.129519	1078.035643	-69.906124	691.880076	277.965629
1.260000	1008.129391	1078.813159	-70.683768	692.379083	272.654120
1.270000	1008.129179	1080.956614	-72.827434	693.754746	260.558688
1.280000	1008.126936	1083.558357	-75.431421	695.424537	268.787520
1.290000	1008.126764	1085.238965	-77.112200	696.503146	275.270371
1.300000	1008.126678	1085.709105	-77.582426	696.804881	274.911212
1.310000	1008.126687	1084.834862	-76.708175	696.243794	267.719431
1.320000	1008.125445	1082.536214	-74.410768	694.768529	264.584446
1.330000	1008.125690	1078.013304	-69.887614	691.865739	272.952183
1.340000	1008.126212	1071.104527	-62.978315	687.431706	297.498900
1.350000	1008.126695	1062.506277	-54.379582	681.913375	345.550871
1.360000	1008.127202	1053.438882	-45.311680	676.093948	384.996223
1.370000	1008.128000	1044.830132	-36.702132	670.568877	434.024818
1.380000	1008.128406	1037.532153	-29.403747	665.885056	480.703983
1.390000	1008.128702	1032.161678	-24.032977	662.438301	515.356636
1.400000	1008.128480	1029.119600	-20.991120	660.485904	546.054858
1.410000	1008.128500	1028.434544	-20.306044	660.046238	567.971218
1.420000	1008.128378	1030.114370	-21.985993	661.124345	575.664803
1.430000	1008.128122	1033.959092	-25.830971	663.591876	568.943069
1.440000	1008.127757	1039.557918	-31.430160	667.185186	547.973404
1.450000	1008.126096	1046.295348	-38.169252	671.509248	519.545466
1.460000	1008.125674	1052.807761	-44.682087	675.688896	496.579510
1.470000	1008.125326	1058.148249	-50.022923	679.116406	461.178607
1.480000	1008.126550	1062.527850	-54.401300	681.927220	445.127318
1.490000	1008.126298	1066.326226	-58.199928	684.365007	418.705270
1.500000	1008.124775	1069.034621	-60.909847	686.103247	393.339308
1.510000	1008.124727	1069.554042	-61.429315	686.436609	372.623414
1.520000	1008.124861	1067.802280	-59.677419	685.312334	356.964594
1.530000	1008.124769	1064.770933	-56.646164	683.366824	359.944908
1.540000	1008.125517	1060.917688	-52.792172	680.893823	381.895345
1.550000	1008.123806	1057.017971	-48.894165	678.390996	411.619387
1.560000	1008.124068	1052.241498	-44.117430	675.325470	448.092882
1.570000	1008.124592	1046.857150	-38.732558	671.869811	483.467365
1.580000	1008.123678	1041.078733	-32.955055	668.161241	530.172062
1.590000	1008.123769	1034.435888	-26.312119	663.897883	580.994545
1.600000	1008.124421	1026.979156	-18.854736	659.112174	640.020988
1.610000	1008.124732	1019.370749	-11.246018	654.229121	684.845515
1.620000	1008.124994	1012.156435	-4.031440	649.598995	712.579218
1.630000	1008.123760	1005.563781	2.559980	645.367850	747.578209
1.640000	1008.124028	999.167389	8.956639	641.262664	777.031453
1.650000	1008.125326	993.426276	14.699051	637.578035	796.350993
1.660000	1008.125432	989.535870	18.589562	635.081184	811.571192
1.670000	1008.125149	987.907569	20.217579	634.036146	806.960739
1.680000	1008.124428	988.218597	19.905831	634.235762	783.037895
1.690000	1008.123743	989.629101	18.494642	635.141019	741.090624
1.700000	1008.124698	991.727005	16.397693	636.487448	698.556797
1.710000	1008.126064	996.219366	11.906698	639.370632	653.288218
1.720000	1008.125506	1005.127816	2.997691	645.088048	596.951566
1.730000	1008.122014	1017.550176	-9.428162	653.060682	558.358038
1.740000	1008.119616	1028.828495	-20.708879	660.299074	541.902112
1.750000	1008.121080	1035.147829	-27.026749	664.354804	550.026201
1.760000	1008.121993	1036.758004	-28.636010	665.388209	570.709212
1.770000	1008.122914	1034.696147	-26.573233	664.064916	577.990764
1.780000	1008.124543	1030.676411	-22.551868	661.485062	597.283652
1.790000	1008.125633	1026.283324	-18.157692	658.665591	618.019794
1.800000	1008.125726	1022.322228	-14.196503	656.123372	631.125116
1.810000	1008.125815	1018.988895	-10.863080	653.984048	629.529739
1.820000	1008.125432	1016.359866	-8.234434	652.296745	633.834044
1.830000	1008.126009	1014.418940	-6.292931	651.051065	663.972109
1.840000	1008.125987	1013.911225	-5.785238	650.725215	684.226038
1.850000	1008.125837	1014.852987	-6.727150	651.329634	687.359198
1.860000	1008.125398	1016.791646	-8.666249	652.573860	691.149321
1.870000	1008.125353	1018.994604	-10.869252	653.987712	681.922937
1.880000	1008.125459	1021.397653	-13.272194	655.529982	655.649599
1.890000	1008.125547	1024.138052	-16.012506	657.288762	612.996036
1.900000	1008.125374	1027.301242	-19.175868	659.318888	555.038386
1.910000	1008.124535	1030.539883	-22.415348	661.397438	498.495206
1.920000	1008.124652	1033.022743	-24.898091	662.990930	445.978524
1.930000	1008.124420	1034.530999	-26.406579	663.958924	417.201753
1.940000	1008.124014	1035.517621	-27.393606	664.592135	429.637527
1.950000	1008.124567	1035.825979	-27.701412	664.790039	466.400061
1.960000	1008.124688	1035.694168	-27.569480	664.705443	498.799461
1.970000	1008.124841	1035.311604	-27.186763	664.459914	518.745488
1.980000	1008.124980	1034.880526	-26.755546	664.183250	525.754905
1.990000	1008.124714	1034.585268	-26.460554	663.993754	521.669700
2.000000	1008.124741	1034.369162	-26.244421	663.855058	515.882569
2.010000	1008.124806	1034.175998	-26.051192	663.731086	501.081206
2.020000	1008.125486	1034.202625	-26.077139	663.748175	494.549298
2.030000	1008.125349	1034.816024	-26.690675	664.141853	499.798171
2.040000	1008.125185	1035.767469	-27.642283	664.752487	492.997423
2.050000	1008.124403	1036.805016	-28.680613	665.418382	479.535755
2.060000	1008.124272	1037.631805	-29.507532	665.949012	493.110596
2.070000	1008.124140	1038.272273	-30.148133	666.360063	495.364039
2.080000	1008.123906	1038.579952	-30.456046	666.557530	486.415473
2.090000	1008.123422	1038.290744	-30.167322	666.371918	466.594847
2.100000	1008.122687	1036.857765	-28.735077	665.452236	436.394755
2.110000	1008.122700	1033.655129	-25.532429	663.396793	408.144568
2.120000	1008.123661	1028.861821	-20.738160	660.320463	374.776730
2.130000	1008.125961	1024.447310	-16.321350	657.487243	332.741310
2.140000	1008.126047	1024.027489	-15.901443	657.217803	307.795168
2.150000	1008.123774	1028.620116	-20.496342	660.165337	306.499925
2.160000	1008.121929	1034.867789	-26.745861	664.175075	306.664342
2.170000	1008.122318	1040.157270	-32.034952	667.569848	309.406459
2.180000	1008.122763	1044.333281	-36.210518	670.250000	304.411729
2.190000	1008.122444	1047.557113	-39.434670	672.319046	314.825375
2.200000	1008.122364	1049.315081	-41.192716	673.447304	337.196306
2.210000	1008.122560	1049.297567	-41.175006	673.436064	353.481521
2.220000	1008.123093	1047.627440	-39.504347	672.364182	369.611358
2.230000	1008.123477	1044.971611	-36.848134	670.659678	385.864721
2.240000	1008.123354	1041.903228	-33.779874	668.690399	393.099177
2.250000	1008.123124	1038.551155	-30.428031	666.539048	436.183781
2.260000	1008.123304	1035.083128	-26.959823	664.313279	490.972022
2.270000	1008.123017	1031.839419	-23.716402	662.231476	538.517185
2.280000	1008.123011	1028.710277	-20.587266	660.223202	583.029452
2.290000	1008.122962	1025.674803	-17.551842	658.275044	612.950645
2.300000	1008.122943	1022.761262	-14.638319	656.405142	627.532962
2.310000	1008.122743	1020.021909	-11.899166	654.647034	633.416874
2.320000	1008.123046	1017.558161	-9.435116	653.065808	629.040287
2.330000	1008.123218	1015.608154	-7.484936	651.814299	627.287314
2.340000	1008.123924	1014.334638	-6.210714	650.996960	615.957457
2.350000	1008.123545	1014.229811	-6.106266	650.929682	607.202074
2.360000	1008.123449	1015.119545	-6.996096	651.500711	595.087056
2.370000	1008.122113	1016.400348	-8.278235	652.322726	600.653831
2.380000	1008.121645	1017.057028	-8.935383	652.744181	615.081521
2.390000	1008.122877	1017.136879	-9.014003	652.795430	647.527387
2.400000	1008.122970	1017.634104	-9.511134	653.114548	671.648545
2.410000	1008.122479	1018.700883	-10.578404	653.799203	690.195581
2.420000	1008.122318	1019.672760	-11.550442	654.422951	704.606754
2.430000	1008.122362	1020.076631	-11.954270	654.682154	701.384712
2.440000	1008.123246	1019.864350	-11.741105	654.545913	684.296561
2.450000	1008.123781	1019.763396	-11.639615	654.481121	688.662193
2.460000	1008.123771	1020.570191	-12.446421	654.998919	685.206605
2.470000	1008.124061	1022.258725	-14.134664	656.082615	678.834825
2.480000	1008.123696	1024.863184	-16.739489	657.754150	662.830594
2.490000	1008.123087	1027.914815	-19.791728	659.712677	630.398122
2.500000	1008.122270	1030.606836	-22.484566	661.440408	582.406204
2.510000	1008.121746	1031.988954	-23.867208	662.327447	528.010437
2.520000	1008.122346	1031.407995	-23.285650	661.954590	465.514594
2.530000	1008.123328	1029.409366	-21.286037	660.671875	411.066448
2.540000	1008.124966	1028.154304	-20.029337	659.866380	347.707862
2.550000	1008.125032	1030.099821	-21.974789	661.115007	283.026674
2.560000	1008.123867	1035.428109	-27.304243	664.534687	216.604142
2.570000	1008.121540	1041.779602	-33.658062	668.611057	181.186727
2.580000	1008.120637	1046.008236	-37.887598	671.324981	170.200564
2.590000	1008.120367	1046.597205	-38.476838	671.702980	166.399687
2.600000	1008.121862	1043.518893	-35.397031	669.727328	175.717456
2.610000	1008.124463	1038.904767	-30.780304	666.765996	192.084004
2.620000	1008.125180	1036.180516	-28.055337	665.017580	214.220229
2.630000	1008.124390	1036.490445	-28.366055	665.216491	231.048972
2.640000	1008.123992	1038.684973	-30.560981	666.624932	242.149979
2.650000	1008.123976	1041.751398	-33.627422	668.592955	247.246064
2.660000	1008.123882	1045.185630	-37.061748	670.797035	247.914391
2.670000	1008.123575	1048.452473	-40.328898	672.893685	250.367072
2.680000	1008.123329	1050.952821	-42.829492	674.498401	246.564612
2.690000	1008.123016	1052.169994	-44.046978	675.279579	243.540715
2.700000	1008.122770	1051.534563	-43.411792	674.871761	244.994925
2.710000	1008.123404	1049.020687	-40.897283	673.258363	245.372875
2.720000	1008.125091	1045.943107	-37.818017	671.283182	239.607132
2.730000	1008.125718	1044.816987	-36.691270	670.560441	238.307835
2.740000	1008.124501	1046.847558	-38.723056	671.863655	234.628084
2.750000	1008.122894	1050.386711	-42.263817	674.135073	231.782078
2.760000	1008.122267	1052.907033	-44.784766	675.752609	225.772511
2.770000	1008.122863	1053.178413	-45.055550	675.926779	223.093881
2.780000	1008.122308	1051.280383	-43.158075	674.708629	232.508700
2.790000	1008.122626	1047.058426	-38.935800	671.998990	247.603916
2.800000	1008.122660	1041.072487	-32.949827	668.157232	286.031577
2.810000	1008.123536	1034.263357	-26.139820	663.787152	331.925802
2.820000	1008.124657	1028.535224	-20.410567	660.110854	405.424392
2.830000	1008.124631	1025.719585	-17.594954	658.303785	483.930129
2.840000	1008.122889	1025.858580	-17.735691	658.392992	559.312470
2.850000	1008.121639	1026.567197	-18.445559	658.847780	632.853451
2.860000	1008.121736	1025.726368	-17.604632	658.308138	697.188864
2.870000	1008.122196	1023.028560	-14.906364	656.576693	746.913952
2.880000	1008.122998	1019.090205	-10.967207	654.049069	787.457283
2.890000	1008.124048	1014.967011	-6.842963	651.402815	818.498760
2.900000	1008.124592	1011.848108	-3.723516	649.401112	838.637565
2.910000	1008.124854	1010.553509	-2.428655	648.570242	840.481218
2.920000	1008.124809	1011.478203	-3.353394	649.163709	821.268603
2.930000	1008.124708	1014.695211	-6.570503	651.228374	794.449862
2.940000	1008.124088	1019.830954	-11.706866	654.524479	748.821151
2.950000	1008.123438	1025.986449	-17.863011	658.475058	684.437561
2.960000	1008.122760	1032.213467	-24.090706	662.471539	604.345009
2.970000	1008.122171	1037.713094	-29.590923	666.001184	518.757345
2.980000	1008.122266	1042.107881	-33.985615	668.821745	446.794526
2.990000	1008.122701	1045.730584	-37.607882	671.146785	369.765495
3.000000	1008.122903	1048.899132	-40.776229	673.180349	308.171791
3.010000	1008.123109	1051.704922	-43.581813	674.981097	259.479871
3.020000	1008.122801	1054.103093	-45.980293	676.520236	239.192361
3.030000	1008.122782	1056.109083	-47.986301	677.807675	227.775209
3.040000	1008.122980	1057.532668	-49.409689	678.721328	219.735436
3.050000	1008.123318	1058.493299	-50.369981	679.337857	219.471898
3.060000	1008.123397	1059.218211	-51.094814	679.803104	217.967120
3.070000	1008.123560	1059.805416	-51.681856	680.179970	217.635415
3.080000	1008.123527	1060.421328	-52.297801	680.575261	224.194715
3.090000	1008.123424	1061.025144	-52.901720	680.962788	225.704031
3.100000	1008.123255	1061.463895	-53.340639	681.244377	222.242795
3.110000	1008.123031	1061.505151	-53.382120	681.270855	214.049558
3.120000	1008.122603	1060.859445	-52.736842	680.856443	201.771007
3.130000	1008.122399	1059.123139	-51.000740	679.742087	196.940034
3.140000	1008.122332	1056.003512	-47.881180	677.739919	188.678080
3.150000	1008.122498	1051.552399	-43.429901	674.883208	177.554201
3.160000	1008.123029	1046.193989	-38.070961	671.444197	167.141497
3.170000	1008.123439	1040.804245	-32.680805	667.985075	162.617144
3.180000	1008.123706	1036.198703	-28.074997	665.029252	159.673239
3.190000	1008.123363	1032.778943	-24.655580	662.834460	162.901341
3.200000	1008.123143	1030.360992	-22.237848	661.282626	171.183648
3.210000	1008.123971	1029.035678	-20.911707	660.432044	181.615984
3.220000	1008.124699	1030.048853	-21.924154	661.082296	189.654563
3.230000	1008.123851	1034.287584	-26.163733	663.802701	194.885875
3.240000	1008.122337	1040.479146	-32.356809	667.776427	196.911471
3.250000	1008.121499	1046.315819	-38.194320	671.522387	197.197345
3.260000	1008.121895	1050.475769	-42.353875	674.192230	203.035276
3.270000	1008.122701	1053.148221	-45.025520	675.907402	207.394892
3.280000	1008.123326	1055.286925	-47.163599	677.280016	210.105637
3.290000	1008.123507	1057.667369	-49.543862	678.807778	208.128392
3.300000	1008.123326	1060.472722	-52.349395	680.608245	201.403101
3.310000	1008.123056	1063.379442	-55.256386	682.473769	190.021421
3.320000	1008.122502	1065.966130	-57.843628	684.133898	184.647205
3.330000	1008.122364	1067.765812	-59.643448	685.288929	192.130722
3.340000	1008.122210	1068.397052	-60.274841	685.694057	195.207853
3.350000	1008.121993	1067.647376	-59.525384	685.212917	193.820771
3.360000	1008.121809	1065.300758	-57.178949	683.706864	188.038774
3.370000	1008.122047	1061.319088	-53.197041	681.151440	178.051577
3.380000	1008.123406	1056.396863	-48.273457	677.992371	166.821459
3.390000	1008.124916	1052.572818	-44.447902	675.538110	159.632399
3.400000	1008.124998	1052.067476	-43.942477	675.213783	149.033263
3.410000	1008.123703	1055.018455	-46.894752	677.107713	139.789020
3.420000	1008.122530	1059.468778	-51.346248	679.963917	130.781257
3.430000	1008.122239	1063.493909	-55.371670	682.547234	118.534315
3.440000	1008.121987	1066.189280	-58.067293	684.277115	116.794586
3.450000	1008.122366	1067.154986	-59.032619	684.896902	119.835409
3.460000	1008.122372	1066.602391	-58.480018	684.542248	142.041462
3.470000	1008.122657	1064.771779	-56.649122	683.367367	160.926956
3.480000	1008.122889	1062.086507	-53.963619	681.643968	176.964113
3.490000	1008.123214	1058.928996	-50.805782	679.617486	198.292180
3.500000	1008.123472	1055.727291	-47.603818	677.562642	214.557390
3.510000	1008.123518	1052.889224	-44.765706	675.741179	225.456956
3.520000	1008.123756	1050.527786	-42.404029	674.225615	248.678935
3.530000	1008.123738	1048.882128	-40.758390	673.169436	276.849026
3.540000	1008.123681	1048.040528	-39.916847	672.629300	297.968647
3.550000	1008.123625	1047.925304	-39.801679	672.555350	311.514337
3.560000	1008.123587	1048.454113	-40.330526	672.894738	317.154303
3.570000	1008.123542	1049.565295	-41.441754	673.607891	314.757531
3.580000	1008.123439	1051.185057	-43.061618	674.647449	304.398283
3.590000	1008.123263	1053.163310	-45.040047	675.917086	286.356039
3.600000	1008.123092	1055.262897	-47.139805	677.264595	261.111122
3.610000	1008.123038	1057.264608	-49.141570	678.549287	229.336422
3.620000	1008.123088	1059.108492	-50.985404	679.732686	191.885787
3.630000	1008.123714	1060.859826	-52.736113	680.856688	150.870242
3.640000	1008.123309	1062.721884	-54.598576	682.051751	124.041405
3.650000	1008.122743	1064.390474	-56.267731	683.122647	96.029386
3.660000	1008.122257	1065.197282	-57.075024	683.640454	78.585173
3.670000	1008.122345	1064.680442	-56.558097	683.308748	60.119391
3.680000	1008.123163	1063.103365	-54.980202	682.296584	41.413586
3.690000	1008.124016	1061.683758	-53.559742	681.385485	29.315427
3.700000	1008.124130	1061.724627	-53.600497	681.411714	22.440317
3.710000	1008.123617	1063.383443	-55.259826	682.476337	21.293534
3.720000	1008.122732	1065.673032	-57.550300	683.945788	28.190989
3.730000	1008.122324	1067.282993	-59.160670	684.979057	34.368470
3.740000	1008.122342	1067.472539	-59.350197	685.100707	44.054596
3.750000	1008.122724	1066.197268	-58.074545	684.282242	54.042876
3.760000	1008.123364	1063.998358	-55.874994	682.870988	63.738873
3.770000	1008.123977	1061.806058	-53.682081	681.463976	76.941806
3.780000	1008.124343	1060.574700	-52.450356	680.673694	90.268337
3.790000	1008.124148	1060.833937	-52.709789	680.840072	102.484132
3.800000	1008.123788	1062.357308	-54.233520	681.817767	120.311883
3.810000	1008.123374	1064.480214	-56.356840	683.180242	144.038710
3.820000	1008.123227	1066.604139	-58.480912	684.543371	165.052383
3.830000	1008.122935	1068.293126	-60.170191	685.627357	194.228076
3.840000	1008.122957	1069.236005	-61.113048	686.232494	219.595652
3.850000	1008.123037	1069.402407	-61.279370	686.339290	239.469257
3.860000	1008.123165	1068.865863	-60.742698	685.994938	253.338401
3.870000	1008.123325	1067.786488	-59.663163	685.302198	260.850162
3.880000	1008.123499	1066.384612	-58.261113	684.402479	261.817310
3.890000	1008.123714	1064.959618	-56.835903	683.487921	263.847081
3.900000	1008.123859	1063.811771	-55.687912	682.751237	259.274593
3.910000	1008.123955	1063.156790	-55.032835	682.330872	248.127215
3.920000	1008.123975	1063.135936	-55.011961	682.317488	230.683646
3.930000	1008.123908	1063.777237	-55.653329	682.729073	207.385736
3.940000	1008.123761	1064.976558	-56.852797	683.498794	178.829757
3.950000	1008.122450	1066.073129	-57.950680	684.202570	174.497599
3.960000	1008.122330	1066.053680	-57.931351	684.190088	175.489142
3.970000	1008.122345	1064.761274	-56.638928	683.360625	177.188328
3.980000	1008.122208	1062.169692	-54.047485	681.697356	177.671753
3.990000	1008.122385	1058.218698	-50.096314	679.161619	185.856107
4.000000	1008.122565	1053.105544	-44.982979	675.880012	194.563263
4.010000	1008.122885	1047.237753	-39.114869	672.114082	211.475219
4.020000	1008.123202	1041.079718	-32.956516	668.161873	237.622396
4.030000	1008.123663	1035.340973	-27.217310	664.478764	272.140031
4.040000	1008.124104	1030.823506	-22.699402	661.579466	300.044489
4.050000	1008.124383	1028.221532	-20.097148	659.909527	320.632552
4.060000	1008.124405	1027.968085	-19.843680	659.746866	333.384935
4.070000	1008.123894	1030.032466	-21.908573	661.071779	346.970515
4.080000	1008.123518	1033.909740	-25.786222	663.560202	355.138622
4.090000	1008.123073	1038.996435	-30.873362	666.824828	354.663238
4.100000	1008.122508	1044.520645	-36.398137	670.370250	354.121385
4.110000	1008.122078	1049.654049	-41.531971	673.664853	346.488028
4.120000	1008.121717	1053.716069	-45.594353	676.271845	330.986774
4.130000	1008.121442	1056.154699	-48.033257	677.836951	307.853521
4.140000	1008.121292	1056.582915	-48.461623	678.111779	277.575775
4.150000	1008.121345	1055.271132	-47.149787	677.269880	263.996355
4.160000	1008.121649	1053.247011	-45.125362	675.970805	250.046148
4.170000	1008.122324	1051.098072	-42.975748	674.591623	230.312164
4.180000	1008.123271	1049.881817	-41.758547	673.811034	210.223600
4.190000	1008.123333	1050.775234	-42.651902	674.384426	191.969353
4.200000	1008.122537	1053.870792	-45.748256	676.371146	169.583999
4.210000	1008.121746	1058.079558	-49.957812	679.072320	150.438549
4.220000	1008.120730	1062.070071	-53.949341	681.633419	134.873616
4.230000	1008.120708	1064.698347	-56.577639	683.320238	129.105863
4.240000	1008.120953	1065.678526	-57.557573	683.949315	121.021357
4.250000	1008.121357	1065.285391	-57.164034	683.697002	114.200681
4.260000	1008.121736	1064.013245	-55.891510	682.880542	106.721519
4.270000	1008.122368	1062.420914	-54.298546	681.858589	103.224891
4.280000	1008.122593	1061.157460	-53.034868	681.047708	102.521749
4.290000	1008.122661	1060.562043	-52.439381	680.665571	99.233739
4.300000	1008.122827	1060.790661	-52.667834	680.812297	102.189899
4.310000	1008.122640	1061.868683	-53.746043	681.504169	105.319241
4.320000	1008.122407	1063.530857	-55.408449	682.570947	105.829287
4.330000	1008.122183	1065.439807	-57.317624	683.796106	103.707525
4.340000	1008.121711	1067.269954	-59.148243	684.970688	101.107766
4.350000	1008.121609	1068.608707	-60.487098	685.829896	106.684824
4.360000	1008.121468	1069.208508	-61.087040	686.214847	115.390161
4.370000	1008.121471	1068.945980	-60.824509	686.046357	125.387295
4.380000	1008.120985	1067.773479	-59.652494	685.293849	142.018463
4.390000	1008.120863	1065.344102	-57.223238	683.734682	162.334018
4.400000	1008.120767	1061.553606	-53.432839	681.301953	178.609541
4.410000	1008.120898	1056.428701	-48.307804	678.012805	190.421552
4.420000	1008.121968	1050.384550	-42.262582	674.133686	203.308194
4.430000	1008.122366	1044.621860	-36.499494	670.435209	229.443227
4.440000	1008.122807	1040.179593	-32.056785	667.584175	256.521645
4.450000	1008.122570	1037.731444	-29.608874	666.012961	277.185031
4.460000	1008.122012	1037.021413	-28.899401	665.557265	290.911396
4.470000	1008.121596	1037.295619	-29.174023	665.733249	298.124990
4.480000	1008.121822	1038.049144	-29.927321	666.216859	307.187945
4.490000	1008.122093	1039.458644	-31.336551	667.121472	310.912483
4.500000	1008.122365	1041.934910	-33.812545	668.710732	317.604313
4.510000	1008.122125	1045.658087	-37.535962	671.100257	316.368126
4.520000	1008.121581	1050.179522	-42.057941	674.002100	307.246644
4.530000	1008.118549	1054.532535	-46.413987	676.795851	299.300250
4.540000	1008.118664	1056.533826	-48.415161	678.080273	319.222969
4.550000	1008.118822	1055.482966	-47.364144	677.405835	336.769469
4.560000	1008.118934	1051.530467	-43.411533	674.869132	363.852540
4.570000	1008.119226	1045.086707	-36.967481	670.733546	384.392360
4.580000	1008.119897	1036.741772	-28.621874	665.377792	406.104697
4.590000	1008.119986	1027.313953	-19.193967	659.327046	424.169663
4.600000	1008.119964	1017.222188	-9.102224	652.850181	431.794029
4.610000	1008.120246	1006.868848	1.251398	646.205438	428.803617
4.620000	1008.121893	997.343740	10.778153	640.092252	415.299226
4.630000	1008.125046	991.704464	16.420582	636.472981	397.761902
4.640000	1008.125034	994.201484	13.923550	638.075561	378.654397
4.650000	1008.121529	1004.791707	3.329822	644.872335	350.433335
4.660000	1008.119015	1018.565527	-10.446512	653.712332	313.933129
4.670000	1008.117059	1030.722884	-22.605825	661.514887	298.845070
4.680000	1008.117497	1039.225777	-31.108280	666.972019	285.815836
4.690000	1008.118347	1044.310872	-36.192525	670.235618	266.075711
4.700000	1008.118890	1046.782816	-38.663925	671.822104	252.607972
4.710000	1008.119230	1047.447895	-39.328665	672.248950	232.914768
4.720000	1008.119304	1046.741144	-38.621840	671.795359	207.509101
4.730000	1008.121784	1044.741691	-36.619907	670.512116	205.521768
4.740000	1008.121747	1042.777479	-34.655732	669.251491	221.771971
4.750000	1008.121758	1041.217161	-33.095403	668.250083	232.619593
4.760000	1008.121903	1040.081827	-31.959924	667.521429	243.856957
4.770000	1008.121899	1039.533713	-31.411814	667.169651	253.382121
4.780000	1008.121814	1039.578150	-31.456336	667.198171	256.647619
4.790000	1008.121655	1040.107383	-31.985728	667.537831	253.571966
4.800000	1008.121400	1040.914005	-32.792605	668.055519	248.512556
4.810000	1008.121303	1041.751117	-33.629814	668.592774	239.769706
4.820000	1008.121385	1042.558426	-34.437040	669.110903	225.027737
4.830000	1008.121616	1043.538050	-35.416434	669.739623	204.658313
4.840000	1008.121671	1045.059265	-36.937595	670.715934	181.440399
4.850000	1008.121222	1047.081204	-38.959982	672.013609	162.748676
4.860000	1008.122146	1048.941432	-40.819286	673.207497	141.668221
4.870000	1008.121457	1050.326314	-42.204856	674.096310	153.358247
4.880000	1008.121300	1050.946298	-42.824997	674.494214	164.506063
4.890000	1008.121514	1050.582486	-42.460973	674.260721	171.961091
4.900000	1008.121698	1049.540167	-41.418469	673.591764	179.664609
4.910000	1008.121411	1048.137905	-40.016494	672.691797	183.710469
4.920000	1008.120808	1046.162688	-38.041881	671.424108	183.411584
4.930000	1008.121430	1043.311206	-35.189776	669.594035	191.397586
4.940000	1008.122837	1040.573358	-32.450521	667.836893	197.285965
4.950000	1008.123626	1040.076648	-31.953022	667.518105	198.301134
4.960000	1008.122860	1042.906610	-34.783750	669.334367	204.705734
4.970000	1008.122117	1048.076699	-39.954582	672.652514	208.348201
4.980000	1008.121503	1054.165489	-46.043987	676.560282	206.802705
4.990000	1008.121172	1059.841330	-51.720158	680.203019	204.718962
5.000000	1008.121219	1064.088947	-55.967729	682.929128	207.465233
5.010000	1008.121608	1066.579147	-58.457538	684.527330	205.054877
5.020000	1008.122081	1067.591340	-59.469259	685.176953	197.541964
5.030000	1008.122484	1067.634032	-59.511548	685.204353	185.109617
5.040000	1008.123009	1067.209831	-59.086822	684.932102	172.161432
5.050000	1008.122618	1066.602546	-58.479928	684.542348	178.813055
5.060000	1008.122630	1065.791242	-57.668613	684.021656	181.589688
5.070000	1008.122399	1064.820590	-56.698190	683.398694	187.339982
5.080000	1008.122274	1063.551456	-55.429182	682.584167	202.650176
5.090000	1008.122054	1061.804070	-53.682016	681.462700	216.247274
5.100000	1008.121644	1059.336050	-51.214406	679.878733	227.496503
5.110000	1008.119392	1055.699416	-47.580023	677.544751	238.381297
5.120000	1008.117985	1049.121068	-41.003083	673.322787	268.431080
5.130000	1008.116316	1037.714461	-29.598146	666.002061	291.889114
5.140000	1008.117213	1020.527071	-12.409858	654.971245	308.171145
5.150000	1008.124086	1001.084386	7.039700	642.492987	321.461386
5.160000	1008.128727	990.166908	17.961819	635.486182	339.542868
5.170000	1008.121665	993.777837	14.343829	637.803666	351.978851
5.180000	1008.115291	1002.660030	5.455261	643.504231	355.695778
5.190000	1008.115020	1006.706840	1.408180	646.101462	352.819919
5.200000	1008.116895	1003.967875	4.149019	644.343602	349.461562
5.210000	1008.119897	996.996414	11.123484	639.869339	338.566307
5.220000	1008.124790	990.971685	17.153105	636.002686	319.281956
5.230000	1008.126819	993.210872	14.915947	637.439790	292.086993
5.240000	1008.122787	1006.216023	1.906764	645.786457	258.493249
5.250000	1008.119098	1023.774374	-15.655276	657.055354	234.840203
5.260000	1008.118848	1039.682380	-31.563532	667.265066	205.359463
5.270000	1008.119674	1052.091070	-43.971396	675.228926	171.333141
5.280000	1008.120022	1061.139495	-53.019474	681.036178	142.275572
5.290000	1008.120049	1066.987649	-58.867601	684.789506	109.680085
5.300000	1008.118888	1069.476352	-61.357465	686.386748	79.988219
5.310000	1008.120216	1067.898112	-59.777896	685.373838	74.922772
5.320000	1008.120782	1063.257344	-55.136562	682.395407	89.863814
5.330000	1008.122020	1057.038096	-48.916077	678.403913	102.580274
5.340000	1008.123076	1051.210503	-43.087427	674.663780	112.753501
5.350000	1008.122930	1047.383008	-39.260078	672.207306	126.724687
5.360000	1008.121627	1045.308011	-37.186384	670.875578	148.676060
5.370000	1008.121153	1043.196348	-35.075194	669.520319	176.655307
5.380000	1008.121357	1040.156410	-32.035052	667.569296	200.296723
5.390000	1008.122137	1036.372720	-28.250582	665.140935	219.009405
5.400000	1008.123417	1032.931797	-24.808380	662.932561	234.316089
5.410000	1008.124343	1031.540700	-23.416357	662.039759	245.541898
5.420000	1008.123926	1033.365301	-25.241375	663.210783	250.694259
5.430000	1008.122630	1037.813543	-29.690913	666.065651	249.644381
5.440000	1008.121583	1043.087534	-34.965952	669.450483	242.418475
5.450000	1008.120991	1047.610905	-39.489915	672.353569	229.197102
5.460000	1008.120550	1050.446079	-42.325529	674.173175	210.310659
5.470000	1008.120345	1051.040290	-42.919945	674.554538	186.231129
5.480000	1008.121142	1049.443932	-41.322790	673.530000	157.560282
5.490000	1008.123139	1047.255521	-39.132382	672.125485	125.014635
5.500000	1008.124251	1047.475741	-39.351490	672.266821	96.748793
5.510000	1008.122088	1051.709134	-43.587046	674.983800	92.087509
5.520000	1008.120142	1057.218773	-49.098631	678.519870	91.891727
5.530000	1008.119617	1060.887662	-52.768045	680.874552	89.442142
5.540000	1008.119776	1061.485467	-53.365691	681.258222	84.799312
5.550000	1008.119910	1058.991198	-50.871288	679.657407	78.078553
5.560000	1008.119916	1053.719980	-45.600064	676.274355	79.377583
5.570000	1008.120112	1046.445726	-38.325614	671.605760	88.644510
5.580000	1008.120933	1038.035577	-29.914645	666.208152	99.493739
5.590000	1008.122176	1030.267367	-22.145191	661.222538	114.095638
5.600000	1008.122865	1025.419625	-17.296761	658.111272	132.282949
5.610000	1008.121861	1024.696974	-16.575112	657.647476	147.214016
5.620000	1008.120302	1026.844961	-18.724659	659.026048	158.514134
5.630000	1008.120180	1029.658361	-21.538181	660.831680	165.899297
5.640000	1008.121052	1032.570039	-24.448987	662.700386	169.183377
5.650000	1008.121411	1036.315371	-28.193960	665.104129	168.282923
5.660000	1008.120843	1041.077763	-32.956920	668.160618	163.576092
5.670000	1008.120511	1046.035914	-37.915403	671.342745	167.560871
5.680000	1008.120335	1050.291913	-42.171578	674.074232	167.450913
5.690000	1008.120226	1053.329356	-45.209129	676.023654	163.253358
5.700000	1008.120228	1054.824380	-46.704152	676.983156	155.082409
5.710000	1008.120940	1054.817652	-46.696712	676.978838	155.520447
5.720000	1008.121105	1053.829185	-45.708080	676.344443	161.985815
5.730000	1008.121435	1052.233165	-44.111730	675.320122	169.814576
5.740000	1008.121506	1050.472400	-42.350894	674.190068	173.530345
5.750000	1008.120769	1048.674650	-40.553881	673.036277	174.087147
5.760000	1008.120549	1046.387148	-38.266599	671.568165	186.371953
5.770000	1008.120591	1043.214454	-35.093863	669.531940	194.112411
5.780000	1008.121157	1039.413522	-31.292365	667.092513	200.173746
5.790000	1008.122249	1036.012910	-27.890661	664.910010	207.114577
5.800000	1008.122748	1034.515681	-26.392933	663.949093	216.522480
5.810000	1008.122317	1035.678010	-27.555693	664.695072	220.586694
5.820000	1008.121417	1038.857954	-30.736537	666.735951	219.213378
5.830000	1008.120600	1042.653376	-34.532776	669.171842	215.772336
5.840000	1008.120252	1045.768532	-37.648280	671.171140	221.066170
5.850000	1008.120206	1047.540315	-39.420110	672.308265	222.519484
5.860000	1008.120127	1047.761874	-39.641747	672.450460	218.653971
5.870000	1008.120122	1046.387366	-38.267244	671.568305	221.320269
5.880000	1008.119897	1043.380846	-35.260949	669.638730	220.739405
5.890000	1008.119923	1038.615898	-30.495975	666.580600	216.115440
5.900000	1008.121087	1032.575425	-24.454338	662.703843	208.742326
5.910000	1008.123588	1027.513722	-19.390134	659.455257	200.439085
5.920000	1008.123993	1027.097832	-18.973839	659.188340	198.195307
5.930000	1008.120393	1031.721246	-23.600853	662.155633	202.998410
5.940000	1008.117639	1036.641418	-28.523779	665.313385	207.633165
5.950000	1008.117750	1037.815748	-29.697998	666.067067	210.277108
5.960000	1008.120280	1035.339407	-27.219127	664.477758	209.480579
5.970000	1008.123277	1032.927884	-24.804606	662.930050	204.409257
5.980000	1008.123152	1034.650705	-26.527553	664.035751	194.728735
5.990000	1008.120945	1040.324689	-32.203744	667.677297	180.450547
6.000000	1008.119951	1046.686672	-38.566722	671.760399	161.827475
6.010000	1008.120213	1051.699611	-43.579397	674.977688	139.292544
6.020000	1008.120645	1055.167583	-47.046938	677.203423	117.242771
6.030000	1008.121243	1057.456454	-49.335211	678.672413	103.519634
6.040000	1008.121353	1059.071485	-50.950132	679.708935	98.827115
6.050000	1008.121357	1060.181832	-52.060475	680.421553	91.730813
6.060000	1008.121352	1060.789269	-52.667918	680.811404	82.410961
6.070000	1008.120937	1060.766769	-52.645832	680.796963	84.330143
6.080000	1008.121079	1059.983448	-51.862368	680.294230	86.768190
6.090000	1008.121704	1058.676979	-50.555276	679.455743	89.369415
6.100000	1008.121680	1057.380970	-49.259290	678.623968	105.358192
6.110000	1008.121455	1056.298620	-48.177165	677.929319	118.711479
6.120000	1008.121137	1055.163102	-47.041965	677.200547	129.096158
6.130000	1008.120631	1053.535020	-45.414390	676.155649	144.792948
6.140000	1008.120721	1051.021913	-42.901192	674.542744	161.110056
6.150000	1008.121281	1047.898924	-39.777644	672.538419	173.391421
6.160000	1008.122163	1045.137447	-37.015284	670.766111	181.329697
6.170000	1008.121204	1043.844173	-35.722969	669.936092	206.296477
6.180000	1008.120822	1043.693104	-35.572282	669.839136	248.978771
6.190000	1008.120012	1043.909033	-35.789022	669.977719	285.621733
6.200000	1008.119568	1043.296371	-35.176803	669.584514	315.324181
6.210000	1008.119641	1041.068963	-32.949322	668.154970	342.334881
6.220000	1008.120229	1037.261269	-29.141040	665.711204	367.820247
6.230000	1008.120907	1032.606161	-24.485254	662.723569	386.856782
6.240000	1008.121613	1028.075293	-19.953680	659.815671	396.430522
6.250000	1008.122208	1024.706843	-16.584634	657.653810	396.275018
6.260000	1008.122498	1023.373028	-15.250530	656.797771	388.812378
6.270000	1008.122779	1024.697298	-16.574519	657.647684	387.551398
6.280000	1008.122277	1028.698853	-20.576576	660.215870	377.175959
6.290000	1008.121616	1034.621808	-26.500192	664.017205	357.499716
6.300000	1008.120977	1041.448281	-33.327304	668.398415	329.030190
6.310000	1008.120401	1048.171419	-40.051018	672.713306	292.524723
6.320000	1008.119854	1053.892277	-45.772423	676.384935	248.994013
6.330000	1008.119376	1057.906243	-49.786866	678.961086	210.535806
6.340000	1008.119000	1059.664250	-51.545250	680.089370	168.218022
6.350000	1008.119269	1058.859869	-50.740600	679.573121	121.782132
6.360000	1008.120561	1056.216050	-48.095489	677.876326	72.382402
6.370000	1008.122181	1053.996024	-45.873843	676.451519	37.643642
6.380000	1008.122517	1054.953093	-46.830576	677.065764	29.788538
6.390000	1008.120786	1058.810729	-50.689944	679.541583	22.012584
6.400000	1008.119884	1062.887843	-54.767960	682.158263	33.207201
6.410000	1008.119920	1065.314297	-57.194377	683.715554	50.190412
6.420000	1008.120221	1065.836579	-57.716358	684.050753	69.078943
6.430000	1008.120477	1064.738862	-56.618384	683.346241	87.292717
6.440000	1008.120642	1062.357849	-54.237207	681.818114	103.409503
6.450000	1008.120930	1059.009980	-50.889051	679.669462	117.025749
6.460000	1008.121567	1055.258887	-47.137320	677.262021	130.204799
6.470000	1008.122330	1052.137976	-44.015646	675.259030	140.713857
6.480000	1008.122429	1050.741525	-42.619095	674.362792	155.000849
6.490000	1008.121850	1051.292954	-43.171104	674.716697	168.315438
6.500000	1008.121001	1052.983821	-44.862820	675.801891	179.302862
6.510000	1008.119639	1054.140826	-46.021187	676.544453	219.192247
6.520000	1008.119721	1052.906677	-44.786956	675.752380	272.151950
6.530000	1008.120235	1049.118957	-40.998722	673.321433	319.494011
6.540000	1008.120921	1043.523410	-35.402489	669.730227	359.650254
6.550000	1008.121517	1037.149818	-29.028302	665.639675	392.415373
6.560000	1008.121856	1030.901260	-22.779405	661.629369	424.083239
6.570000	1008.122148	1025.403560	-17.281413	658.100961	447.014436
6.580000	1008.122342	1021.123368	-13.001027	655.353947	459.407591
6.590000	1008.122396	1018.365171	-10.242775	653.583744	460.958825
6.600000	1008.122736	1017.431565	-9.308829	652.984558	467.625639
6.610000	1008.122470	1018.549866	-10.427396	653.702281	466.729554
6.620000	1008.122188	1021.366554	-13.244365	655.510022	458.654122
6.630000	1008.122025	1025.497817	-17.375792	658.161455	439.561813
6.640000	1008.121992	1030.695685	-22.573693	661.497431	409.870632
6.650000	1008.121933	1036.866825	-28.744893	665.458051	370.264533
6.660000	1008.121633	1043.849801	-35.728168	669.939704	321.681527
6.670000	1008.120919	1051.119474	-42.998554	674.605358	269.871530
6.680000	1008.120488	1057.758433	-49.637946	678.866223	227.529606
6.690000	1008.119981	1062.828628	-54.708647	682.120259	186.364494
6.700000	1008.119699	1065.487541	-57.367842	683.826741	142.067957
6.710000	1008.121433	1065.612567	-57.491135	683.906983	125.265020
6.720000	1008.121412	1064.533585	-56.412173	683.214495	130.091413
6.730000	1008.121446	1062.487630	-54.366183	681.901407	131.724800
6.740000	1008.121517	1059.572676	-51.451158	680.030598	130.118347
6.750000	1008.121590	1055.962750	-47.841160	677.713759	125.307785
6.760000	1008.120940	1051.878860	-43.757920	675.092730	129.852183
6.770000	1008.121081	1047.049849	-38.928768	671.993485	156.982082
6.780000	1008.121468	1041.558046	-33.436579	668.468863	183.684011
6.790000	1008.122033	1036.070050	-27.948017	664.946683	208.342375
6.800000	1008.122631	1031.498231	-23.375600	662.012503	227.884723
6.810000	1008.122967	1028.756381	-20.633415	660.252792	241.821940
6.820000	1008.122870	1028.351818	-20.228948	659.993144	253.265913
6.830000	1008.122339	1030.057194	-21.934855	661.087649	273.998106
6.840000	1008.122058	1033.239925	-25.117866	663.130317	289.792945
6.850000	1008.121759	1037.390631	-29.268872	665.794228	298.449700
6.860000	1008.121445	1041.946458	-33.825014	668.718144	299.759508
6.870000	1008.121285	1046.351672	-38.230387	671.545397	299.613083
6.880000	1008.121242	1050.208861	-42.087619	674.020930	297.569397
6.890000	1008.120810	1053.235132	-45.114322	675.963182	301.385075
6.900000	1008.120869	1055.078210	-46.957341	677.146063	308.033485
6.910000	1008.120952	1055.720550	-47.599598	677.558315	307.055049
6.920000	1008.121098	1055.262618	-47.141520	677.264416	298.474542
6.930000	1008.121382	1053.934165	-45.812783	676.411819	282.506646
6.940000	1008.121827	1052.185180	-44.063353	675.289325	259.550587
6.950000	1008.122245	1050.684976	-42.562731	674.326499	233.292110
6.960000	1008.122594	1050.123350	-42.000757	673.966049	210.589854
6.970000	1008.122545	1051.250149	-43.127604	674.689225	204.521083
6.980000	1008.121935	1053.858473	-45.736538	676.363240	195.023666
6.990000	1008.120137	1056.598550	-48.478414	678.121813	204.649325
