0.000000	1623.061472	2292.204669	-669.143197	1471.130153	0.000000
0.010000	1623.058830	2280.576282	-657.517452	1463.667088	0.000000
0.020000	1623.050006	2247.284141	-624.234134	1442.300291	0.000000
0.030000	1623.033663	2181.970343	-558.936680	1400.382089	0.000000
0.040000	1623.014812	2067.105443	-444.090631	1326.662137	0.000000
0.050000	1623.023726	1889.745723	-266.721997	1212.833196	0.000000
0.060000	1623.084149	1683.301817	-60.217668	1080.338109	0.000000
0.070000	1623.106377	1538.492607	84.613770	987.399988	0.000000
0.080000	1623.079274	1492.345349	130.733925	957.782815	0.000000
0.090000	1623.062542	1507.965567	115.096975	967.807825	0.000000
0.100000	1623.058267	1551.150033	71.908234	995.523487	0.000000
0.110000	1623.061869	1607.279681	15.782188	1031.547328	0.000000
0.120000	1623.059160	1673.475704	-50.416544	1074.031740	0.000000
0.130000	1623.051359	1740.364139	-117.312781	1116.960539	0.000000
0.140000	1623.051082	1792.902423	-169.851340	1150.679453	0.000000
0.150000	1623.056188	1825.987354	-202.931166	1171.913264	0.000000
0.160000	1623.061275	1843.720013	-220.658738	1183.294032	0.000000
0.170000	1623.064003	1851.867951	-228.803948	1188.523354	0.000000
0.180000	1623.065136	1853.838620	-230.773484	1189.788124	0.000000
0.190000	1623.067726	1851.380378	-228.312653	1188.210431	0.000000
0.200000	1623.071918	1848.167966	-225.096048	1186.148715	0.000000
0.210000	1623.073190	1849.595537	-226.522347	1187.064926	0.000000
0.220000	1623.069683	1857.030297	-233.960614	1191.836533	0.000000
0.230000	1623.065632	1865.509408	-242.443777	1197.278401	0.000000
0.240000	1623.065333	1869.262266	-246.196933	1199.686974	0.000000
0.250000	1623.068104	1867.572647	-244.504543	1198.602581	0.000000
0.260000	1623.070449	1864.141374	-241.070926	1196.400401	0.000000
0.270000	1623.070368	1862.314265	-239.243896	1195.227767	0.000000
0.280000	1623.070065	1862.275909	-239.205845	1195.203151	0.000000
0.290000	1623.072300	1863.762063	-240.689763	1196.156960	0.000000
0.300000	1623.073215	1868.989771	-245.916556	1199.512087	0.000000
0.310000	1623.070646	1878.127001	-255.056354	1205.376334	0.000000
0.320000	1623.069303	1886.919688	-263.850385	1211.019455	0.000000
0.330000	1623.070196	1892.256403	-269.186206	1214.444542	0.000000
0.340000	1623.070342	1893.943268	-270.872926	1215.527167	0.000000
0.350000	1623.068942	1891.370997	-268.302055	1213.876292	0.000000
0.360000	1623.065516	1882.275082	-259.209566	1208.038561	0.000000
0.370000	1623.060137	1862.634884	-239.574748	1195.433540	0.000000
0.380000	1623.072648	1830.841145	-207.768497	1175.028412	0.000000
0.390000	1623.093733	1811.874807	-188.781073	1162.855873	0.000000
0.400000	1623.066720	1829.026852	-205.960132	1173.864005	0.000000
0.410000	1623.063725	1850.170208	-227.106483	1187.433748	0.000000
0.420000	1623.069767	1861.163715	-238.093947	1194.489348	0.000000
0.430000	1623.072563	1866.057853	-242.985289	1197.630391	0.000000
0.440000	1623.073668	1867.714306	-244.640638	1198.693498	0.000000
0.450000	1623.074286	1867.206599	-244.132314	1198.367653	0.000000
0.460000	1623.074622	1865.082676	-242.008053	1197.004525	0.000000
0.470000	1623.074719	1861.613821	-238.539102	1194.778224	0.000000
0.480000	1623.074741	1856.836956	-233.762215	1191.712447	0.000000
0.490000	1623.074950	1850.775930	-227.700979	1187.822498	0.000000
0.500000	1623.075593	1843.806267	-220.730675	1183.349389	0.000000
0.510000	1623.076543	1836.945300	-213.868756	1178.946041	0.000000
0.520000	1623.077038	1831.570741	-208.493703	1175.496665	0.000000
0.530000	1623.076550	1828.346441	-205.269891	1173.427319	0.000000
0.540000	1623.075692	1826.543983	-203.468291	1172.270506	0.000000
0.550000	1623.075257	1824.828710	-201.753453	1171.169650	0.000000
0.560000	1623.075337	1822.366590	-199.291254	1169.589468	0.000000
0.570000	1623.075664	1819.064472	-195.988808	1167.470179	0.000000
0.580000	1623.076008	1815.245588	-192.169580	1165.019230	0.000000
0.590000	1623.076249	1811.313093	-188.236844	1162.495367	0.000000
0.600000	1623.076350	1807.556347	-184.479997	1160.084298	0.000000
0.610000	1623.076335	1804.082175	-181.005839	1157.854585	0.000000
0.620000	1623.076261	1800.839760	-177.763499	1155.773613	0.000000
0.630000	1623.076176	1797.694819	-174.618644	1153.755199	0.000000
0.640000	1623.076103	1794.500381	-171.424278	1151.705018	0.000000
0.650000	1623.076045	1791.134498	-168.058453	1149.544804	0.000000
0.660000	1623.075368	1787.269422	-164.194054	1147.064210	17.192607
0.670000	1623.075354	1782.582721	-159.507366	1144.056299	34.738095
0.680000	1623.075359	1777.090974	-154.015615	1140.531712	51.425667
0.690000	1623.075385	1770.868598	-147.793213	1136.538210	66.838938
0.700000	1623.075453	1763.883077	-140.807624	1132.054923	95.371986
0.710000	1623.075730	1755.363581	-132.287852	1126.587136	136.343082
0.720000	1623.076313	1745.736182	-122.659869	1120.408300	173.942251
0.730000	1623.077161	1736.059299	-112.982138	1114.197705	207.230046
0.740000	1623.077820	1727.703551	-104.625731	1108.835011	235.374737
0.750000	1623.077289	1721.371368	-98.294079	1104.771034	277.346482
0.760000	1623.077007	1715.235778	-92.158771	1100.833231	332.466899
0.770000	1623.077057	1708.571712	-85.494656	1096.556254	379.341667
0.780000	1623.077541	1701.355985	-78.278444	1091.925221	416.799253
0.790000	1623.078165	1694.155518	-71.077352	1087.303982	443.903440
0.800000	1623.078678	1687.772429	-64.693751	1083.207335	459.976719
0.810000	1623.079006	1682.887203	-59.808197	1080.072012	464.617218
0.820000	1623.079172	1679.930862	-56.851689	1078.174640	457.708745
0.830000	1623.079201	1679.096958	-56.017757	1077.639444	439.423686
0.840000	1623.079097	1680.369703	-57.290605	1078.456287	410.218700
0.850000	1623.079496	1683.533768	-60.454272	1080.486975	371.573755
0.860000	1623.079138	1688.457339	-65.378202	1083.646908	340.875875
0.870000	1623.078675	1694.779001	-71.700326	1087.704132	301.703928
0.880000	1623.078157	1701.743443	-78.665286	1092.173890	255.036562
0.890000	1623.077638	1708.514966	-85.437328	1096.519834	202.039705
0.900000	1623.076015	1714.463448	-91.387434	1100.337552	169.787934
0.910000	1623.075677	1717.888507	-94.812830	1102.535744	199.674794
0.920000	1623.075582	1717.184460	-94.108878	1102.083890	224.573560
0.930000	1623.074160	1711.935030	-88.860870	1098.714821	262.285108
0.940000	1623.074661	1701.475254	-78.400594	1092.001768	303.812498
0.950000	1623.076552	1686.967360	-63.890808	1082.690644	361.152781
0.960000	1623.077393	1671.490232	-48.412839	1072.757469	425.719218
0.970000	1623.078228	1656.608527	-33.530299	1063.206435	479.620978
0.980000	1623.078969	1643.657820	-20.578851	1054.894710	521.513362
0.990000	1623.079523	1633.818601	-10.739079	1048.579929	550.353241
1.000000	1623.077904	1627.922727	-4.844824	1044.795974	573.024162
1.010000	1623.077933	1625.386918	-2.308985	1043.168500	604.719618
1.020000	1623.077724	1625.830162	-2.752438	1043.452972	621.352039
1.030000	1623.076904	1628.828354	-5.751450	1045.377203	634.187206
1.040000	1623.076373	1631.995773	-8.919400	1047.410043	658.889795
1.050000	1623.075770	1633.932498	-10.856728	1048.653027	667.420603
1.060000	1623.075098	1633.788119	-10.713021	1048.560365	659.792482
1.070000	1623.074508	1630.710477	-7.635969	1046.585144	636.593850
1.080000	1623.074524	1624.150744	-1.076219	1042.375126	599.053873
1.090000	1623.075213	1614.608934	8.466278	1036.251221	553.168485
1.100000	1623.078363	1603.685769	19.392594	1029.240766	526.845237
1.110000	1623.076887	1594.101398	28.975488	1023.089546	515.311074
1.120000	1623.077046	1585.558600	37.518446	1017.606803	505.140995
1.130000	1623.083862	1580.810816	42.273046	1014.559689	504.939179
1.140000	1623.083109	1588.531462	34.551646	1019.514777	498.372441
1.150000	1623.076370	1607.364306	15.712064	1031.601640	479.386631
1.160000	1623.074743	1627.386379	-4.311636	1044.451747	448.454951
1.170000	1623.075782	1644.046965	-20.971182	1055.144462	406.348906
1.180000	1623.076567	1657.351081	-34.274514	1063.683004	354.119026
1.190000	1623.076787	1667.776557	-44.699770	1070.374044	293.068638
1.200000	1623.077033	1675.331633	-52.254599	1075.222869	244.470317
1.210000	1623.075241	1680.006710	-56.931470	1078.223320	236.493813
1.220000	1623.075272	1680.391244	-57.315972	1078.470112	247.598728
1.230000	1623.076583	1676.212727	-53.136144	1075.788353	268.612207
1.240000	1623.076260	1669.503367	-46.427106	1071.482305	317.375296
1.250000	1623.076253	1660.664326	-37.588073	1065.809435	365.013063
1.260000	1623.075268	1649.798554	-26.723285	1058.835815	408.921103
1.270000	1623.074417	1636.218019	-13.143602	1050.119868	456.751703
1.280000	1623.074263	1619.261718	3.812545	1039.237364	493.421685
1.290000	1623.073962	1599.368016	23.705945	1026.469646	555.900028
1.300000	1623.077268	1579.689847	43.387421	1013.840255	666.136922
1.310000	1623.076476	1564.238959	58.837516	1003.923921	780.321927
1.320000	1623.076529	1552.994394	70.082135	996.707193	875.081829
1.330000	1623.077810	1546.148782	76.929027	992.313699	948.047859
1.340000	1623.076861	1544.604238	78.472623	991.322415	997.395899
1.350000	1623.076130	1546.518166	76.557963	992.550769	1021.892247
1.360000	1623.074764	1550.010854	73.063910	994.792365	1023.542439
1.370000	1623.075434	1553.720241	69.355193	997.173039	1031.391991
1.380000	1623.075971	1557.288076	65.787896	999.462864	1013.543317
1.390000	1623.076252	1561.188470	61.887782	1001.966126	970.450858
1.400000	1623.076625	1565.771314	57.305312	1004.907381	915.987982
1.410000	1623.076823	1571.884625	51.192199	1008.830886	865.943924
1.420000	1623.076179	1580.559308	42.516871	1014.398272	814.993444
1.430000	1623.075239	1591.121167	31.954072	1021.176842	743.935957
1.440000	1623.074854	1602.311176	20.763678	1028.358557	668.328611
1.450000	1623.074121	1612.992755	10.081366	1035.213962	581.254500
1.460000	1623.074340	1622.238928	0.835413	1041.148128	488.962208
1.470000	1623.075089	1630.200150	-7.125061	1046.257617	420.064572
1.480000	1623.072939	1637.212463	-14.139524	1050.758099	373.448669
1.490000	1623.071231	1641.308460	-18.237229	1053.386898	418.534179
1.500000	1623.069090	1641.952645	-18.883555	1053.800333	487.833718
1.510000	1623.069491	1637.909765	-14.840274	1051.205625	582.014536
1.520000	1623.070233	1629.471670	-6.401437	1045.790081	671.805876
1.530000	1623.071120	1617.731848	5.339271	1038.255498	744.980359
1.540000	1623.071818	1604.037744	19.034074	1029.466663	799.664127
1.550000	1623.071965	1589.575049	33.496917	1020.184548	834.455240
1.560000	1623.073042	1574.956936	48.116106	1010.802686	856.170803
1.570000	1623.071143	1561.281098	61.790045	1002.025575	887.115017
1.580000	1623.074268	1549.279742	73.794526	994.323140	919.006820
1.590000	1623.078815	1544.224381	78.854434	991.078624	928.054268
1.600000	1623.073992	1551.840991	71.233001	995.966941	933.985198
1.610000	1623.066086	1565.511029	57.555057	1004.740332	940.150040
1.620000	1623.062839	1574.406462	48.656377	1010.449394	941.104594
1.630000	1623.064704	1573.614120	49.450584	1009.940871	919.646378
1.640000	1623.072235	1567.262867	55.809368	1005.864656	877.179971
1.650000	1623.071351	1565.517012	57.554339	1004.744172	833.976185
1.660000	1623.064860	1568.059592	55.005268	1006.375992	806.682125
1.670000	1623.067888	1568.065693	55.002196	1006.379907	823.933251
1.680000	1623.070735	1566.893672	56.177064	1005.627707	868.517926
1.690000	1623.068660	1565.774381	57.294279	1004.909350	953.677238
1.700000	1623.068631	1561.095861	61.972770	1001.906690	1020.418270
1.710000	1623.071141	1552.186548	70.884593	996.188719	1088.461642
1.720000	1623.071908	1541.150804	81.921104	989.106011	1141.647162
1.730000	1623.073205	1529.378632	93.694573	981.550666	1197.611035
1.740000	1623.075427	1519.001967	104.073461	974.890953	1225.377001
1.750000	1623.078488	1513.918949	109.159539	971.628688	1224.144046
1.760000	1623.078612	1518.534668	104.543944	974.591043	1193.770019
1.770000	1623.075067	1532.680843	90.394224	983.670016	1159.498527
1.780000	1623.072316	1551.523901	71.548416	995.763434	1121.514233
1.790000	1623.071379	1570.573721	52.497659	1007.989552	1064.159932
1.800000	1623.071086	1587.672174	35.398912	1018.963289	997.036824
1.810000	1623.071688	1601.890641	21.181047	1028.088659	933.238066
1.820000	1623.072069	1613.205238	9.866831	1035.350333	880.298357
1.830000	1623.071335	1621.454230	1.617105	1040.644512	808.587552
1.840000	1623.070273	1625.510974	-2.440701	1043.248118	717.335261
1.850000	1623.070228	1624.323503	-1.253275	1042.486003	630.862089
1.860000	1623.071953	1617.446705	5.625248	1038.072494	569.499006
1.870000	1623.072367	1606.616405	16.455962	1031.121640	564.362520
1.880000	1623.076725	1594.122724	28.954001	1023.103232	567.363651
1.890000	1623.080650	1586.534092	36.546559	1018.232871	590.418507
1.900000	1623.078116	1589.030280	34.047836	1019.834917	619.074358
1.910000	1623.072556	1597.932234	25.140321	1025.548165	664.630945
1.920000	1623.071608	1605.547323	17.524285	1030.435506	732.602564
1.930000	1623.072540	1608.687233	14.385307	1032.450691	791.863567
1.940000	1623.074150	1607.802477	15.271673	1031.882857	832.819478
1.950000	1623.075562	1604.728390	18.347172	1029.909917	860.415525
1.960000	1623.076270	1601.035361	22.040909	1027.539743	881.961497
1.970000	1623.076793	1597.350271	25.726522	1025.174663	911.837247
1.980000	1623.076230	1594.369726	28.706503	1023.261758	931.797798
1.990000	1623.076795	1592.041907	31.034888	1021.767770	946.322136
2.000000	1623.078155	1591.043203	32.034952	1021.126805	949.251560
2.010000	1623.078160	1592.488952	30.589208	1022.054682	940.950774
2.020000	1623.076650	1596.135690	26.940960	1024.395148	936.866861
2.030000	1623.075656	1600.311980	22.763676	1027.075479	931.206726
2.040000	1623.074666	1603.486652	19.588014	1029.112974	910.585968
2.050000	1623.073837	1604.408721	18.665116	1029.704755	876.293917
2.060000	1623.073837	1602.209682	20.864156	1028.293418	842.790549
2.070000	1623.077789	1598.110773	24.967016	1025.662750	838.437630
2.080000	1623.078526	1596.679671	26.398855	1024.744273	827.839438
2.090000	1623.076041	1599.072869	24.003171	1026.280221	824.462853
2.100000	1623.074569	1601.593286	21.481282	1027.897817	835.962111
2.110000	1623.075187	1601.140028	21.935159	1027.606918	867.751531
2.120000	1623.076529	1598.450586	24.625943	1025.880841	887.186883
2.130000	1623.077531	1595.137382	27.940149	1023.754437	887.253040
2.140000	1623.077510	1592.543532	30.533977	1022.089712	868.100183
2.150000	1623.077387	1590.891876	32.185510	1021.029684	845.334910
2.160000	1623.078648	1590.213304	32.865344	1020.594179	828.627192
2.170000	1623.078540	1591.195967	31.882573	1021.224848	809.349891
2.180000	1623.078879	1593.911918	29.166961	1022.967938	785.441367
2.190000	1623.077759	1598.657432	24.420327	1026.013595	760.260773
2.200000	1623.076722	1604.755577	18.321145	1029.927366	747.835943
2.210000	1623.076888	1610.986283	12.090606	1033.926214	734.741263
2.220000	1623.076141	1616.486612	6.589529	1037.456309	728.562664
2.230000	1623.075652	1620.604399	2.471253	1040.099093	717.199544
2.240000	1623.075013	1622.512698	0.562315	1041.323834	706.408316
2.250000	1623.075484	1621.701376	1.374108	1040.803129	687.175848
2.260000	1623.076904	1619.117831	3.959073	1039.145018	669.825739
2.270000	1623.077441	1616.285140	6.792301	1037.327005	641.997047
2.280000	1623.077591	1614.153357	8.924234	1035.958833	601.509369
2.290000	1623.078127	1613.281886	9.796240	1035.399526	565.073276
2.300000	1623.078539	1614.699410	8.379129	1036.309289	542.983747
2.310000	1623.078035	1618.892775	4.185260	1039.000577	509.888251
2.320000	1623.077517	1625.185118	-2.107600	1043.038984	479.622200
2.330000	1623.076756	1632.196608	-9.119852	1047.538938	438.489788
2.340000	1623.075962	1638.442097	-15.366135	1051.547274	403.925856
2.350000	1623.075870	1643.190533	-20.114663	1054.594806	374.784841
2.360000	1623.075836	1646.124632	-23.048795	1056.477902	352.459561
2.370000	1623.076358	1647.266815	-24.190457	1057.210952	322.443367
2.380000	1623.077020	1647.355060	-24.278040	1057.267588	285.610682
2.390000	1623.077640	1647.453190	-24.375550	1057.330567	255.629277
2.400000	1623.077649	1648.597311	-25.519662	1058.064861	243.968628
2.410000	1623.076896	1650.676027	-27.599131	1059.398975	264.881229
2.420000	1623.076076	1652.440340	-29.364264	1060.531305	296.859733
2.430000	1623.075437	1652.583498	-29.508062	1060.623184	321.924570
2.440000	1623.075846	1650.424908	-27.349061	1059.237807	362.074287
2.450000	1623.076104	1645.742478	-22.666373	1056.232637	411.680880
2.460000	1623.076847	1638.825021	-15.748174	1051.793034	451.925294
2.470000	1623.077632	1630.844465	-7.766833	1046.671137	482.075500
2.480000	1623.077712	1623.043603	0.034109	1041.664567	501.735744
2.490000	1623.077335	1615.828164	7.249171	1037.033720	510.850257
2.500000	1623.077770	1609.137887	13.939883	1032.739919	509.667054
2.510000	1623.079099	1603.941703	19.137396	1029.405024	498.652319
2.520000	1623.079717	1602.179037	20.900680	1028.273750	478.372951
2.530000	1623.078969	1604.690069	18.388900	1029.885323	449.401610
2.540000	1623.078310	1610.552325	12.525985	1033.647702	430.774158
2.550000	1623.077528	1618.112457	4.965071	1038.499772	408.891254
2.560000	1623.077288	1626.003861	-2.926573	1043.564451	379.309515
2.570000	1623.077126	1633.583192	-10.506067	1048.428844	351.097989
2.580000	1623.077062	1640.379469	-17.302407	1052.790674	322.316162
2.590000	1623.077018	1646.132821	-23.055803	1056.483158	287.847815
2.600000	1623.077002	1650.642896	-27.565895	1059.377711	248.667784
2.610000	1623.077725	1653.881367	-30.803643	1061.456152	220.398450
2.620000	1623.076891	1656.039281	-32.962389	1062.841095	206.626249
2.630000	1623.076712	1656.351953	-33.275241	1063.041767	200.501989
2.640000	1623.077599	1654.527526	-31.449927	1061.870855	196.694515
2.650000	1623.078174	1651.729120	-28.650947	1060.074847	203.055480
2.660000	1623.078918	1649.212238	-26.133320	1058.459519	216.032742
2.670000	1623.079546	1648.000483	-24.920936	1057.681818	226.065022
2.680000	1623.079469	1648.711799	-25.632330	1058.138339	242.464347
2.690000	1623.079070	1651.265707	-28.186636	1059.777429	252.817709
2.700000	1623.078287	1654.843979	-31.765692	1062.073954	267.220466
2.710000	1623.078014	1658.222284	-35.144270	1064.242140	279.816878
2.720000	1623.078110	1660.764376	-37.686266	1065.873647	285.526031
2.730000	1623.077928	1662.385347	-39.307419	1066.913981	284.834679
2.740000	1623.077424	1662.924690	-39.847265	1067.260130	309.979158
2.750000	1623.077526	1662.130130	-39.052604	1066.750184	338.106884
2.760000	1623.077790	1660.148806	-37.071016	1065.478576	370.935307
2.770000	1623.078375	1657.304018	-34.225643	1063.652799	405.721162
2.780000	1623.078565	1654.165299	-31.086734	1061.638379	433.835424
2.790000	1623.078697	1651.033664	-27.954967	1059.628505	451.309864
2.800000	1623.078758	1648.127419	-25.048661	1057.763285	457.785689
2.810000	1623.078742	1645.573129	-22.494387	1056.123950	453.209846
2.820000	1623.079010	1643.402455	-20.323445	1054.730818	440.299419
2.830000	1623.078865	1641.767561	-18.688697	1053.681548	429.096909
2.840000	1623.078629	1640.662025	-17.583396	1052.972017	408.158647
2.850000	1623.078552	1639.723856	-16.645304	1052.369904	395.780499
2.860000	1623.078815	1638.757477	-15.678662	1051.749684	380.670783
2.870000	1623.079003	1638.115154	-15.036151	1051.337443	360.981371
2.880000	1623.079231	1638.214395	-15.135165	1051.401136	332.423284
2.890000	1623.079293	1639.473426	-16.394133	1052.209178	295.701266
2.900000	1623.079532	1642.057250	-18.977718	1053.867469	255.688555
2.910000	1623.079111	1646.023553	-22.944442	1056.413031	222.408974
2.920000	1623.078458	1650.864007	-27.785549	1059.519619	193.174347
2.930000	1623.076767	1655.441715	-32.364948	1062.457579	181.422697
2.940000	1623.076763	1658.521267	-35.444505	1064.434026	211.872212
2.950000	1623.077136	1659.713564	-36.636428	1065.199239	241.532163
2.960000	1623.076463	1659.086153	-36.009690	1064.796568	279.365540
2.970000	1623.076590	1656.486477	-33.409887	1063.128104	327.809790
2.980000	1623.076583	1651.889599	-28.813016	1060.177841	368.404918
2.990000	1623.075345	1644.982335	-21.906990	1055.744780	425.619935
3.000000	1623.075579	1635.140277	-12.064698	1049.428176	489.894246
3.010000	1623.076559	1622.923274	0.153285	1041.587340	550.591170
3.020000	1623.079014	1610.520595	12.558419	1033.627338	601.901428
3.030000	1623.080504	1601.787022	21.293482	1028.022156	638.580014
3.040000	1623.078734	1598.891168	24.187565	1026.163606	659.745323
3.050000	1623.076273	1599.739857	23.336416	1026.708292	691.694952
3.060000	1623.075837	1600.858847	22.216990	1027.426456	712.734213
3.070000	1623.076816	1601.172921	21.903895	1027.628028	716.566053
3.080000	1623.078167	1601.818896	21.259271	1028.042613	704.939360
3.090000	1623.079248	1604.686086	18.393162	1029.882767	677.859146
3.100000	1623.079341	1611.266362	11.812979	1034.105968	634.575072
3.110000	1623.078305	1621.566578	1.511727	1040.716616	576.362940
3.120000	1623.076778	1633.850994	-10.774216	1048.600718	513.064314
3.130000	1623.076726	1645.894364	-22.817639	1056.330118	454.616256
3.140000	1623.076209	1656.707863	-33.631654	1063.270189	405.381342
3.150000	1623.075727	1665.365621	-42.289894	1068.826712	346.347352
3.160000	1623.075032	1671.017971	-47.942939	1072.454374	278.929656
3.170000	1623.074225	1672.703989	-49.629765	1073.536455	204.792363
3.180000	1623.075922	1669.706610	-46.630687	1071.612746	140.305393
3.190000	1623.078348	1663.326975	-40.248627	1067.518315	105.781622
3.200000	1623.081658	1657.788191	-34.706533	1063.963540	82.554885
3.210000	1623.080902	1657.591159	-34.510257	1063.837085	72.534128
3.220000	1623.076766	1661.748485	-38.671719	1066.505245	62.966893
3.230000	1623.074977	1665.040093	-41.965116	1068.617789	51.916051
3.240000	1623.075576	1664.762618	-41.687042	1068.439707	40.702430
3.250000	1623.077519	1661.617099	-38.539580	1066.420922	49.601071
3.260000	1623.078921	1657.955620	-34.876699	1064.070996	61.281637
3.270000	1623.079494	1655.861016	-32.781522	1062.726685	71.499884
3.280000	1623.079286	1656.256714	-33.177428	1062.980643	83.141736
3.290000	1623.079135	1658.911130	-35.831996	1064.684239	107.003269
3.300000	1623.078229	1662.992021	-39.913792	1067.303343	145.552490
3.310000	1623.077098	1666.873437	-43.796339	1069.794424	183.977077
3.320000	1623.076260	1668.863429	-45.787169	1071.071595	230.763413
3.330000	1623.076334	1667.785907	-44.709573	1070.380045	280.996388
3.340000	1623.076642	1663.545629	-40.468987	1067.658647	324.659771
3.350000	1623.077010	1656.617558	-33.540548	1063.212231	360.699224
3.360000	1623.077464	1647.735180	-24.657716	1057.511548	388.246751
3.370000	1623.078149	1637.880934	-14.802785	1051.187122	413.119074
3.380000	1623.079577	1628.558245	-5.478668	1045.203848	430.929411
3.390000	1623.080692	1622.144803	0.935889	1041.087719	446.105171
3.400000	1623.080425	1620.598407	2.482018	1040.095247	456.880301
3.410000	1623.078493	1623.528322	-0.449829	1041.975658	460.848715
3.420000	1623.076766	1628.131456	-5.054691	1044.929936	458.347077
3.430000	1623.076278	1631.744880	-8.668602	1047.249020	455.006917
3.440000	1623.077100	1633.417227	-10.340127	1048.322328	449.918958
3.450000	1623.078301	1634.139545	-11.061244	1048.785909	445.193311
3.460000	1623.079007	1635.427011	-12.348003	1049.612201	442.624939
3.470000	1623.078704	1638.097322	-15.018618	1051.325999	429.630440
3.480000	1623.078154	1641.684339	-18.606185	1053.628136	412.273564
3.490000	1623.077636	1645.338806	-22.261170	1055.973562	394.119263
3.500000	1623.077433	1648.322052	-25.244619	1057.888200	381.243312
3.510000	1623.077304	1650.333657	-27.256353	1059.179242	372.152046
3.520000	1623.077648	1651.108595	-28.030946	1059.676595	362.752407
3.530000	1623.077992	1650.947001	-27.869010	1059.572885	350.001025
3.540000	1623.078619	1650.320760	-27.242142	1059.170965	340.472157
3.550000	1623.078974	1649.913497	-26.834524	1058.909585	330.205876
3.560000	1623.078492	1650.196873	-27.118381	1059.091455	315.045308
3.570000	1623.078202	1650.941134	-27.862932	1059.569119	306.765948
3.580000	1623.077761	1651.624792	-28.547031	1060.007889	300.171594
3.590000	1623.077317	1651.789034	-28.711718	1060.113299	301.423134
3.600000	1623.076877	1650.909603	-27.832727	1059.548883	296.898625
3.610000	1623.076810	1648.521502	-25.444692	1058.016207	285.463501
3.620000	1623.077372	1644.777155	-21.699783	1055.613096	267.386383
3.630000	1623.078118	1640.723685	-17.645567	1053.011591	245.752307
3.640000	1623.077719	1637.737823	-14.660104	1051.095273	229.064638
3.650000	1623.076811	1635.683182	-12.606371	1049.776611	213.730364
3.660000	1623.076538	1633.432434	-10.355896	1048.332088	223.248035
3.670000	1623.079115	1631.681552	-8.602437	1047.208377	232.172481
3.680000	1623.078268	1633.485031	-10.406763	1048.365844	254.509327
3.690000	1623.075833	1638.561031	-15.485198	1051.623606	277.123524
3.700000	1623.074057	1643.392152	-20.318095	1054.724205	293.100489
3.710000	1623.073448	1644.948742	-21.875294	1055.723220	307.351952
3.720000	1623.072672	1641.878449	-18.805777	1053.752715	318.006402
3.730000	1623.072674	1633.413915	-10.341241	1048.320202	327.287544
3.740000	1623.077271	1621.015563	2.061708	1040.362977	329.700308
3.750000	1623.083199	1612.378700	10.704499	1034.819864	339.332489
3.760000	1623.079541	1615.269275	7.810266	1036.675026	352.910346
3.770000	1623.074579	1625.122421	-2.047842	1042.998746	369.602553
3.780000	1623.074671	1634.029955	-10.955284	1048.715575	377.205852
3.790000	1623.076046	1640.241126	-17.165080	1052.701886	375.529115
3.800000	1623.075814	1644.430019	-21.354205	1055.390305	385.212929
3.810000	1623.076098	1646.795800	-23.719701	1056.908656	393.622508
3.820000	1623.076122	1647.595566	-24.519444	1057.421944	395.837540
3.830000	1623.076097	1646.858835	-23.782737	1056.949112	388.412870
3.840000	1623.076091	1644.612301	-21.536209	1055.507293	371.536999
3.850000	1623.072228	1640.033220	-16.960992	1052.568453	379.578516
3.860000	1623.073259	1631.446608	-8.373348	1047.057590	405.343227
3.870000	1623.074154	1620.055164	3.018990	1039.746595	425.904300
3.880000	1623.076287	1607.797986	15.278301	1031.879975	456.865811
3.890000	1623.076939	1597.216257	25.860682	1025.088653	481.089760
3.900000	1623.076750	1589.376455	33.700294	1020.057091	493.515562
3.910000	1623.076419	1584.114115	38.962304	1016.679737	493.836250
3.920000	1623.076700	1580.968978	42.107722	1014.661197	482.318185
3.930000	1623.077241	1580.142349	42.934892	1014.130669	471.085833
3.940000	1623.077970	1582.425165	40.652804	1015.595774	453.836361
3.950000	1623.077908	1588.597489	34.480420	1019.557153	434.307588
3.960000	1623.077062	1598.448648	24.628414	1025.879598	409.639107
3.970000	1623.076078	1610.673843	12.402236	1033.725691	374.922082
3.980000	1623.075293	1623.681312	-0.606019	1042.073847	331.029278
3.990000	1623.074679	1636.117650	-13.042971	1050.055451	279.068424
4.000000	1623.074710	1647.282669	-24.207959	1057.221128	242.327275
4.010000	1623.074050	1656.751305	-33.677256	1063.298070	210.361618
4.020000	1623.073154	1663.500160	-40.427006	1067.629465	176.606303
4.030000	1623.072631	1666.402829	-43.330198	1069.492389	154.283478
4.040000	1623.072249	1664.580516	-41.508267	1068.322834	131.945515
4.050000	1623.073182	1658.828035	-35.754853	1064.630909	158.137561
4.060000	1623.073943	1650.507268	-27.433325	1059.290666	200.424233
4.070000	1623.075597	1640.887291	-17.811694	1053.116593	250.128858
4.080000	1623.077140	1632.831972	-9.754832	1047.946713	294.520942
4.090000	1623.076217	1628.540782	-5.464565	1045.192640	331.568520
4.100000	1623.074133	1626.916079	-3.841947	1044.149911	360.342200
4.110000	1623.072623	1625.112668	-2.040045	1042.992486	380.119496
4.120000	1623.071692	1620.990441	2.081251	1040.346853	390.402955
4.130000	1623.072176	1613.725262	9.346914	1035.684083	406.770029
4.140000	1623.076639	1605.453491	17.623148	1030.375285	430.494905
4.150000	1623.080002	1602.922922	20.157080	1028.751173	451.789572
4.160000	1623.076056	1610.433379	12.642677	1033.571362	461.806172
4.170000	1623.070700	1622.036564	1.034136	1041.018252	490.322216
4.180000	1623.070510	1630.986780	-7.916271	1046.762474	513.132260
4.190000	1623.071091	1635.711687	-12.640596	1049.794905	526.853621
4.200000	1623.071163	1636.403890	-13.332727	1050.239159	527.360897
4.210000	1623.071026	1633.157672	-10.086646	1048.155746	523.760274
4.220000	1623.071844	1626.001240	-2.929396	1043.562770	510.487980
4.230000	1623.074078	1616.539566	6.534512	1037.490295	498.655694
4.240000	1623.075747	1608.638376	14.437372	1032.419335	474.482468
4.250000	1623.074940	1605.015230	18.059710	1030.094010	452.994417
4.260000	1623.073446	1604.255430	18.818016	1029.606373	433.646175
4.270000	1623.074228	1604.301625	18.772603	1029.636021	414.663920
4.280000	1623.074298	1605.867425	17.206873	1030.640946	403.296591
4.290000	1623.074562	1609.585781	13.488781	1033.027377	393.560852
4.300000	1623.074350	1615.615927	7.458423	1036.897506	374.142095
4.310000	1623.072863	1623.221607	-0.148744	1041.778809	345.541071
4.320000	1623.071497	1630.035357	-6.963859	1046.151853	310.292391
4.330000	1623.071767	1633.944376	-10.872609	1048.660651	278.604433
4.340000	1623.073130	1635.015708	-11.942578	1049.348228	252.645255
4.350000	1623.073396	1634.833992	-11.760596	1049.231603	231.438163
4.360000	1623.075038	1634.094846	-11.019808	1048.757222	220.750884
4.370000	1623.074649	1633.466218	-10.391569	1048.353770	240.132251
4.380000	1623.074803	1633.108802	-10.033999	1048.124382	264.844946
4.390000	1623.075281	1633.103203	-10.027921	1048.120788	285.851456
4.400000	1623.075765	1633.995054	-10.919289	1048.693175	299.988594
4.410000	1623.075763	1636.337660	-13.261897	1050.196653	306.903208
4.420000	1623.075128	1640.031265	-16.956137	1052.567198	306.422903
4.430000	1623.074091	1644.126669	-21.052579	1055.195616	298.560312
4.440000	1623.072897	1647.163180	-24.090284	1057.144440	284.442520
4.450000	1623.072141	1647.669113	-24.596971	1057.469146	266.087741
4.460000	1623.073473	1645.228790	-22.155317	1055.902954	241.526004
4.470000	1623.077284	1642.618926	-19.541643	1054.227951	212.605194
4.480000	1623.077730	1645.289908	-22.212178	1055.942179	189.279793
4.490000	1623.074122	1654.095631	-31.021509	1061.593666	179.206102
4.500000	1623.069279	1663.483875	-40.414596	1067.619013	185.785134
4.510000	1623.069618	1667.790799	-44.721181	1070.383184	205.861327
4.520000	1623.070622	1666.416614	-43.345992	1069.501236	221.117683
4.530000	1623.070480	1660.091781	-37.021301	1065.441977	253.770469
4.540000	1623.071804	1649.537879	-26.466076	1058.668515	286.973525
4.550000	1623.073125	1636.765115	-13.691991	1050.470992	318.798591
4.560000	1623.073855	1624.114151	-1.040296	1042.351641	355.610092
4.570000	1623.073996	1612.915354	10.158643	1035.164286	383.859670
4.580000	1623.074329	1603.593692	19.480637	1029.181672	410.955958
4.590000	1623.074308	1596.383723	26.690585	1024.554335	444.028762
4.600000	1623.075055	1591.740478	31.334577	1021.574314	468.672427
4.610000	1623.075590	1590.683628	32.391962	1020.896031	481.890358
4.620000	1623.075485	1593.899979	29.175507	1022.960275	483.345515
4.630000	1623.074785	1601.164705	21.910080	1027.622755	472.995459
4.640000	1623.073875	1611.387156	11.686720	1034.183493	451.093629
4.650000	1623.073054	1623.127830	-0.054776	1041.718624	418.785856
4.660000	1623.072372	1635.027219	-11.954847	1049.355616	378.725304
4.670000	1623.071740	1645.924613	-22.852873	1056.349531	329.442425
4.680000	1623.071139	1654.784092	-31.712953	1062.035519	274.945223
4.690000	1623.069293	1660.485906	-37.416613	1065.694926	232.465528
4.700000	1623.071900	1662.010325	-38.938425	1066.673293	221.449479
4.710000	1623.071992	1660.731357	-37.659365	1065.852455	218.029174
4.720000	1623.071317	1656.798202	-33.726885	1063.328168	225.846409
4.730000	1623.072142	1650.711292	-27.639150	1059.421608	262.685091
4.740000	1623.072644	1644.126020	-21.053377	1055.195200	295.941156
4.750000	1623.072804	1637.868668	-14.795864	1051.179250	322.007337
4.760000	1623.072477	1632.254296	-9.181819	1047.575962	340.263326
4.770000	1623.071882	1626.928566	-3.856683	1044.157924	350.293697
4.780000	1623.071308	1621.192342	1.878966	1040.476433	351.898253
4.790000	1623.070968	1614.540404	8.530563	1036.207239	354.560661
4.800000	1623.071065	1607.163599	15.907466	1031.472827	355.001509
4.810000	1623.072343	1599.993903	23.078439	1026.871338	347.025530
4.820000	1623.075160	1595.817685	27.257475	1024.191054	330.915987
4.830000	1623.075730	1598.920460	24.155271	1026.182405	322.682597
4.840000	1623.072265	1610.153651	12.918613	1033.391834	316.794441
4.850000	1623.068751	1624.490164	-1.421413	1042.592965	305.189652
4.860000	1623.068136	1636.167481	-13.099346	1050.087433	288.560708
4.870000	1623.068767	1643.163611	-20.094844	1054.577528	265.695130
4.880000	1623.069519	1645.738052	-22.668533	1056.229797	237.171602
4.890000	1623.071696	1645.025543	-21.953847	1055.772510	220.972761
4.900000	1623.072135	1642.951021	-19.878887	1054.441089	211.734015
4.910000	1623.071905	1640.359561	-17.287656	1052.777897	200.702653
4.920000	1623.071741	1637.494085	-14.422344	1050.938843	205.652591
4.930000	1623.070081	1634.048292	-10.978211	1048.727343	215.462687
4.940000	1623.069512	1628.571309	-5.501797	1045.212232	233.341419
4.950000	1623.070808	1620.900515	2.170293	1040.289139	246.060373
4.960000	1623.072239	1613.414255	9.657985	1035.484480	253.236459
4.970000	1623.072167	1608.751423	14.320744	1032.491888	266.014497
4.980000	1623.073257	1608.044978	15.028278	1032.038494	284.722754
4.990000	1623.071429	1612.380417	10.691012	1034.820965	296.864929
5.000000	1623.069682	1618.883441	4.186241	1038.994587	302.157114
5.010000	1623.070359	1624.145802	-1.075443	1042.371955	300.509833
5.020000	1623.071410	1627.816626	-4.745216	1044.727879	292.016875
5.030000	1623.072394	1630.667943	-7.595549	1046.557846	287.476102
5.040000	1623.071869	1633.430566	-10.358697	1048.330889	291.400434
5.050000	1623.071207	1635.403114	-12.331907	1049.596864	289.032873
5.060000	1623.071497	1635.755970	-12.684474	1049.823326	280.361161
5.070000	1623.073517	1635.186092	-12.112575	1049.457580	268.727891
5.080000	1623.075139	1636.541667	-13.466528	1050.327584	260.012943
5.090000	1623.073836	1641.400877	-18.327041	1053.446211	268.591850
5.100000	1623.071486	1647.709256	-24.637770	1057.494909	272.473589
5.110000	1623.070836	1652.101296	-29.030460	1060.313708	272.305206
5.120000	1623.070676	1653.281089	-30.210413	1061.070896	275.354981
5.130000	1623.072061	1651.736651	-28.664591	1060.079680	300.167990
5.140000	1623.072866	1649.033836	-25.960971	1058.345021	320.595538
5.150000	1623.072465	1646.224913	-23.152448	1056.542263	345.441689
5.160000	1623.072122	1643.002011	-19.929889	1054.473814	366.064775
5.170000	1623.073248	1638.988096	-15.914849	1051.897695	392.205375
5.180000	1623.073822	1635.020783	-11.946961	1049.351485	421.152450
5.190000	1623.074245	1631.925426	-8.851181	1047.364894	440.695426
5.200000	1623.074138	1630.278316	-7.204178	1046.307784	450.008920
5.210000	1623.073466	1629.977469	-6.904003	1046.114701	448.649487
5.220000	1623.072334	1630.179194	-7.106860	1046.244168	436.525891
5.230000	1623.070576	1629.462115	-6.391539	1045.783948	413.869107
5.240000	1623.067925	1625.773037	-2.705112	1043.416309	381.205019
5.250000	1623.067188	1616.787005	6.280183	1037.649101	339.327934
5.260000	1623.076905	1605.047680	18.029226	1030.114837	289.272743
5.270000	1623.081865	1605.597903	17.483963	1030.467968	232.284354
5.280000	1623.070327	1624.230026	-1.159699	1042.426009	178.520693
5.290000	1623.066476	1644.922646	-21.856171	1055.706472	138.004930
5.300000	1623.067714	1658.276360	-35.208646	1064.276846	117.205068
5.310000	1623.069264	1663.999276	-40.930013	1067.949796	98.860672
5.320000	1623.071512	1663.615600	-40.544087	1067.703554	92.570443
5.330000	1623.073427	1659.330951	-36.257524	1064.953679	109.412458
5.340000	1623.075823	1654.115880	-31.040057	1061.606662	124.905252
5.350000	1623.076622	1651.074244	-27.997623	1059.654549	146.659228
5.360000	1623.075429	1651.352707	-28.277278	1059.833266	164.790673
5.370000	1623.073629	1653.344835	-30.271207	1061.111808	187.308125
5.380000	1623.072679	1654.669496	-31.596817	1061.961971	206.533075
5.390000	1623.070429	1653.688880	-30.618451	1061.332615	238.109783
5.400000	1623.069019	1648.150424	-25.081405	1057.778050	308.108748
5.410000	1623.068688	1636.655355	-13.586667	1050.400549	379.598559
5.420000	1623.070535	1619.663087	3.407448	1039.494962	455.799623
5.430000	1623.076594	1601.686521	21.390072	1027.957655	529.625756
5.440000	1623.076698	1591.377105	31.699594	1021.341102	595.471478
5.450000	1623.070611	1589.240350	33.830261	1019.969739	653.673385
5.460000	1623.068056	1587.113121	35.954934	1018.604490	695.781625
5.470000	1623.069314	1580.450857	42.618457	1014.328669	720.743647
5.480000	1623.072499	1570.609900	52.462599	1008.012772	733.122754
5.490000	1623.076266	1562.339267	60.736999	1002.704704	732.142954
5.500000	1623.077355	1561.288857	61.788498	1002.030554	740.811020
5.510000	1623.075458	1569.062914	54.012545	1007.019920	755.244896
5.520000	1623.073253	1582.611390	40.461863	1015.715292	757.587313
5.530000	1623.070352	1598.091233	24.979119	1025.650210	754.012967
5.540000	1623.069853	1611.946792	11.123061	1034.542666	750.621433
5.550000	1623.069870	1622.588794	0.481076	1041.372672	728.793818
5.560000	1623.070173	1629.612573	-6.542400	1045.880512	689.056570
5.570000	1623.070603	1633.172000	-10.101397	1048.164942	636.253006
5.580000	1623.070941	1633.789752	-10.718811	1048.561413	573.595319
5.590000	1623.072172	1632.176943	-9.104771	1047.526317	522.322557
5.600000	1623.072254	1629.607987	-6.535733	1045.877569	516.647825
5.610000	1623.071698	1626.177098	-3.105399	1043.675634	506.170052
5.620000	1623.071946	1621.680781	1.391165	1040.789911	499.453240
5.630000	1623.072233	1616.787690	6.284543	1037.649540	486.767529
5.640000	1623.073501	1612.730793	10.342708	1035.045836	485.511365
5.650000	1623.073364	1611.127138	11.946226	1034.016615	482.225875
5.660000	1623.072517	1612.122336	10.950182	1034.655330	467.182084
5.670000	1623.072447	1614.668511	8.403937	1036.289457	440.758819
5.680000	1623.072716	1618.467802	4.604914	1038.727831	411.464548
5.690000	1623.072548	1623.571511	-0.498964	1042.003377	382.958340
5.700000	1623.072595	1629.239421	-6.166826	1045.641024	355.923494
5.710000	1623.072195	1635.044916	-11.972721	1049.366974	343.458822
5.720000	1623.071933	1640.407766	-17.335833	1052.808835	323.759514
5.730000	1623.073351	1644.773387	-21.700036	1055.610678	308.481046
5.740000	1623.073381	1648.726424	-25.653043	1058.147725	303.690352
5.750000	1623.071200	1652.339228	-29.268028	1060.466412	300.018613
5.760000	1623.071309	1654.347572	-31.276264	1061.755361	314.064883
5.770000	1623.071368	1654.208269	-31.136901	1061.665957	332.317637
5.780000	1623.071545	1651.983184	-28.911639	1060.237904	342.615964
5.790000	1623.072070	1647.950141	-24.878071	1057.649509	352.008842
5.800000	1623.072265	1642.932746	-19.860481	1054.429360	371.715472
5.810000	1623.072466	1637.566945	-14.494479	1050.985604	386.593991
5.820000	1623.072818	1632.319998	-9.247180	1047.618129	400.635311
5.830000	1623.073084	1627.759298	-4.686214	1044.691086	405.190796
5.840000	1623.073412	1624.540437	-1.467025	1042.625230	414.636591
5.850000	1623.072555	1622.937139	0.135416	1041.596239	418.307675
5.860000	1623.070664	1621.884579	1.186085	1040.920708	418.741341
5.870000	1623.068996	1619.247775	3.821221	1039.228415	418.656598
5.880000	1623.068449	1613.225479	9.842970	1035.363324	410.267916
5.890000	1623.070237	1604.179332	18.890904	1029.557534	403.123080
5.900000	1623.074907	1596.409059	26.665848	1024.570595	412.471943
5.910000	1623.076145	1596.347001	26.729144	1024.530767	412.097030
5.920000	1623.072344	1605.707301	17.365043	1030.538180	402.075107
5.930000	1623.068679	1619.104915	3.963764	1039.136728	382.745320
5.940000	1623.067846	1630.562525	-7.494679	1046.490188	354.703191
5.950000	1623.069663	1637.885043	-14.815380	1051.189759	332.659311
5.960000	1623.069953	1642.581803	-19.511850	1054.204126	327.413611
5.970000	1623.070651	1645.378893	-22.308242	1055.999289	329.967069
5.980000	1623.071318	1646.893954	-23.822636	1056.971651	331.365390
5.990000	1623.071731	1647.832870	-24.761139	1057.574245	326.964943
6.000000	1623.071252	1648.687813	-25.616562	1058.122945	317.525337
6.010000	1623.070412	1649.340507	-26.270095	1058.541842	332.111504
6.020000	1623.069703	1648.987037	-25.917334	1058.314986	384.771853
6.030000	1623.069847	1646.749982	-23.680135	1056.879250	446.448885
6.040000	1623.069999	1642.633793	-19.563794	1054.237493	505.916395
6.050000	1623.069324	1636.517883	-13.448559	1050.312320	574.291457
6.060000	1623.069984	1628.434933	-5.364949	1045.124706	636.917953
6.070000	1623.070097	1619.140574	3.929523	1039.159614	692.375033
6.080000	1623.069989	1609.044909	14.025081	1032.680246	730.824429
6.090000	1623.069611	1598.304517	24.765095	1025.787095	753.435430
6.100000	1623.070494	1587.255842	35.814652	1018.696088	783.752960
6.110000	1623.070780	1577.046924	46.023856	1012.144035	798.433759
6.120000	1623.070371	1568.895907	54.174464	1006.912736	793.360357
6.130000	1623.071040	1563.565701	59.505339	1003.491826	768.660965
6.140000	1623.074852	1563.792821	59.282031	1003.637591	731.547692
6.150000	1623.072669	1574.288196	48.784473	1010.373491	704.498258
6.160000	1623.066671	1591.202882	31.863789	1021.229286	666.602875
6.170000	1623.065921	1605.265129	17.800792	1030.254395	624.780306
6.180000	1623.067624	1613.515821	9.551802	1035.549665	567.573425
6.190000	1623.068765	1617.169909	5.898856	1037.894848	496.410537
6.200000	1623.069312	1617.465496	5.603816	1038.084554	413.068959
6.210000	1623.071433	1615.518867	7.552567	1036.835213	353.330935
6.220000	1623.072978	1613.124746	9.948232	1035.298674	324.085663
6.230000	1623.073118	1611.739769	11.333350	1034.409799	297.571177
6.240000	1623.072801	1611.744976	11.327824	1034.413142	274.964587
6.250000	1623.072519	1613.212711	9.859808	1035.355129	280.737547
6.260000	1623.070734	1615.546491	7.524243	1036.852942	299.164465
6.270000	1623.067839	1616.159303	6.908536	1037.246244	325.072611
6.280000	1623.062551	1611.318928	11.743623	1034.139705	345.287239
6.290000	1623.057813	1595.506853	27.550961	1023.991562	363.345047
6.300000	1623.060575	1566.745287	56.315287	1005.532475	384.734250
6.310000	1623.075064	1535.825212	87.249852	985.688062	401.018935
6.320000	1623.087636	1530.365680	92.721956	982.184151	414.288694
6.330000	1623.060270	1562.141731	60.918539	1002.577926	421.812681
6.340000	1623.057198	1595.042278	28.014920	1023.693400	423.330477
6.350000	1623.063656	1613.838761	9.224895	1035.756926	417.878295
6.360000	1623.068324	1622.484729	0.583594	1041.305883	417.733632
6.370000	1623.070381	1625.960501	-2.890120	1043.536623	413.965132
6.380000	1623.071082	1626.735930	-3.664848	1044.034292	401.239100
6.390000	1623.069986	1625.786094	-2.716108	1043.424689	396.558880
6.400000	1623.071231	1622.822515	0.248716	1041.522673	417.537819
6.410000	1623.072731	1619.509813	3.562918	1039.396591	429.801533
6.420000	1623.073016	1618.171552	4.901465	1038.537699	436.046755
6.430000	1623.071629	1619.296273	3.775356	1039.259541	433.133469
6.440000	1623.070126	1620.944176	2.125950	1040.317161	420.954290
6.450000	1623.069639	1620.765464	2.304175	1040.202464	399.707133
6.460000	1623.071619	1617.893674	5.177945	1038.359357	392.648092
6.470000	1623.072406	1614.011577	9.060829	1035.867839	407.434514
6.480000	1623.072949	1610.424012	12.648937	1033.565351	417.332005
6.490000	1623.073099	1608.020423	15.052676	1032.022735	423.534423
6.500000	1623.072688	1607.120614	15.952074	1031.445240	421.543541
6.510000	1623.072432	1607.466430	15.606002	1031.667183	412.019075
6.520000	1623.072832	1609.112857	13.959975	1032.723855	396.032004
6.530000	1623.072157	1612.707847	10.364310	1035.031109	379.335743
6.540000	1623.070811	1617.776833	5.293978	1038.284369	363.942821
6.550000	1623.069305	1622.568096	0.501209	1041.359388	339.887160
6.560000	1623.068137	1625.214008	-2.145871	1043.057526	307.759784
6.570000	1623.068753	1624.845523	-1.776770	1042.821033	277.953438
6.580000	1623.072413	1623.899727	-0.827314	1042.214025	255.538582
6.590000	1623.072774	1627.381706	-4.308932	1044.448749	267.885574
6.600000	1623.068352	1634.399815	-11.331462	1048.952950	306.861430
6.610000	1623.068264	1639.008839	-15.940575	1051.911008	339.798351
6.620000	1623.068678	1639.523960	-16.455282	1052.241611	365.866918
6.630000	1623.067555	1635.791610	-12.724056	1049.846200	385.862445
6.640000	1623.068343	1626.696769	-3.628426	1044.009158	397.675065
6.650000	1623.073769	1614.416826	8.656943	1036.127927	400.286699
6.660000	1623.077065	1606.751396	16.325669	1031.208276	393.658197
6.670000	1623.073324	1608.036558	15.036766	1032.033090	377.984357
6.680000	1623.070003	1613.399929	9.670073	1035.475286	357.684996
6.690000	1623.068296	1617.235318	5.832978	1037.936826	333.981222
6.700000	1623.066087	1616.470007	6.596080	1037.445652	308.543921
6.710000	1623.064455	1608.718909	14.345546	1032.471021	280.612138
6.720000	1623.071551	1594.766727	28.304824	1023.516552	251.882619
6.730000	1623.080487	1587.417330	35.663157	1018.799731	236.804785
6.740000	1623.070198	1598.082931	24.987267	1025.644881	244.212702
6.750000	1623.065787	1614.624165	8.441623	1036.260996	252.224581
6.760000	1623.067492	1627.398531	-4.331039	1044.459547	264.984431
6.770000	1623.068851	1635.685991	-12.617140	1049.778414	279.604515
6.780000	1623.070375	1640.161712	-17.091337	1052.650919	302.345340
6.790000	1623.071946	1642.163761	-19.091814	1053.935827	318.660201
6.800000	1623.073396	1643.302335	-20.228939	1054.666561	330.759610
6.810000	1623.073472	1644.739607	-21.666135	1055.588998	352.467603
6.820000	1623.073359	1646.722722	-23.649363	1056.861755	365.643110
6.830000	1623.073286	1649.007016	-25.933729	1058.327808	370.826098
6.840000	1623.072332	1651.195581	-28.123249	1059.732423	383.489316
6.850000	1623.071825	1652.509981	-29.438156	1060.576001	391.834702
6.860000	1623.070940	1652.263327	-29.192387	1060.417699	390.910820
6.870000	1623.069822	1649.413956	-26.344134	1058.588981	380.738226
6.880000	1623.068035	1642.816132	-19.748097	1054.354517	367.447931
6.890000	1623.067990	1631.092713	-8.024723	1046.830462	380.911519
6.900000	1623.069997	1615.061666	8.008331	1036.541783	392.496551
6.910000	1623.074479	1599.139485	23.934994	1026.322974	398.180683
6.920000	1623.076609	1590.502035	32.574575	1020.779485	394.636275
6.930000	1623.072890	1592.168686	30.904203	1021.849137	396.296826
6.940000	1623.069381	1598.489621	24.579759	1025.905894	405.493871
6.950000	1623.069529	1603.442489	19.627040	1029.084630	407.749324
6.960000	1623.070595	1605.848386	17.222209	1030.628728	420.353737
6.970000	1623.071135	1606.367083	16.704052	1030.961626	434.547344
6.980000	1623.070555	1605.544746	17.525809	1030.433852	450.461616
6.990000	1623.069501	1602.815223	20.254278	1028.682052	457.086007
