0.000000	2473.136648	3142.219454	-669.082805	2016.667118	0.000000
0.010000	2473.132223	3126.371526	-653.239302	2006.495965	0.000000
0.020000	2473.115067	3079.720402	-606.605334	1976.555412	0.000000
0.030000	2473.081308	2981.959997	-508.878689	1913.813075	0.000000
0.040000	2473.050437	2798.261367	-325.210930	1795.915839	0.000000
0.050000	2473.112021	2520.274999	-47.162977	1617.505013	0.000000
0.060000	2473.208635	2265.678192	207.530443	1454.105538	0.000000
0.070000	2473.179375	2172.486631	300.692744	1394.295471	0.000000
0.080000	2473.131015	2210.830767	262.300248	1418.904624	0.000000
0.090000	2473.109843	2296.367685	176.742158	1473.801964	0.000000
0.100000	2473.107900	2378.748289	94.359611	1526.673591	0.000000
0.110000	2473.104486	2439.235140	33.869346	1565.493873	0.000000
0.120000	2473.108062	2466.778436	6.329626	1583.171078	0.000000
0.130000	2473.131475	2466.103954	7.027520	1582.738198	0.000000
0.140000	2473.152738	2469.112980	4.039758	1584.669382	0.000000
0.150000	2473.144199	2502.025383	-28.881184	1605.792464	0.000000
0.160000	2473.129376	2551.528064	-78.398688	1637.563138	0.000000
0.170000	2473.126997	2592.059165	-118.932168	1663.575878	0.000000
0.180000	2473.129905	2613.934141	-140.804236	1677.615173	0.000000
0.190000	2473.132652	2617.981124	-144.848471	1680.212514	0.000000
0.200000	2473.140715	2608.625053	-135.484339	1674.207816	0.000000
0.210000	2473.152130	2598.505965	-125.353836	1667.713415	0.000000
0.220000	2473.151991	2603.342951	-130.190960	1670.817779	0.000000
0.230000	2473.144753	2623.190281	-150.045528	1683.555736	0.000000
0.240000	2473.145893	2647.849550	-174.703656	1699.381981	0.000000
0.250000	2473.144026	2673.804757	-200.660731	1716.039956	0.000000
0.260000	2473.143960	2695.688881	-222.544921	1730.085122	0.000000
0.270000	2473.145566	2709.956636	-236.811071	1739.242125	0.000000
0.280000	2473.146526	2716.288569	-243.142043	1743.305941	0.000000
0.290000	2473.148193	2714.883082	-241.734889	1742.403904	0.000000
0.300000	2473.150895	2707.531796	-234.380901	1737.685870	0.000000
0.310000	2473.153961	2697.928957	-224.774996	1731.522796	0.000000
0.320000	2473.156176	2690.491620	-217.335444	1726.749536	0.000000
0.330000	2473.155365	2688.104511	-214.949146	1725.217496	0.000000
0.340000	2473.152566	2689.297630	-216.145064	1725.983236	0.000000
0.350000	2473.151219	2689.743096	-216.591877	1726.269135	0.000000
0.360000	2473.151690	2686.795225	-213.643535	1724.377200	0.000000
0.370000	2473.153122	2680.578025	-207.424903	1720.387020	0.000000
0.380000	2473.154998	2672.942179	-199.787181	1715.486356	0.000000
0.390000	2473.156320	2666.436037	-193.279717	1711.310734	0.000000
0.400000	2473.156369	2662.804733	-189.648364	1708.980174	0.000000
0.410000	2473.155614	2662.004895	-188.849280	1708.466840	0.000000
0.420000	2473.154600	2662.753196	-189.598595	1708.947097	0.000000
0.430000	2473.154039	2663.452559	-190.298520	1709.395946	0.000000
0.440000	2473.155023	2663.373851	-190.218828	1709.345432	0.000000
0.450000	2473.156435	2663.840160	-190.683724	1709.644707	0.000000
0.460000	2473.155624	2666.440869	-193.285245	1711.313835	0.000000
0.470000	2473.153960	2669.836625	-196.682666	1713.493221	0.000000
0.480000	2473.153819	2671.366593	-198.212774	1714.475150	0.000000
0.490000	2473.154832	2670.226608	-197.071776	1713.743511	0.000000
0.500000	2473.155820	2667.354589	-194.198769	1711.900258	0.000000
0.510000	2473.156206	2663.867234	-190.711029	1709.662084	0.000000
0.520000	2473.156127	2660.169587	-187.013460	1707.288945	0.000000
0.530000	2473.155990	2656.060749	-182.904760	1704.651905	0.000000
0.540000	2473.156021	2651.261595	-178.105574	1701.571822	0.000000
0.550000	2473.156230	2645.749330	-172.593100	1698.034067	0.000000
0.560000	2473.156531	2639.787490	-166.630959	1694.207775	0.000000
0.570000	2473.156803	2633.798344	-160.641541	1690.363959	0.000000
0.580000	2473.156941	2628.177080	-155.020138	1686.756248	0.000000
0.590000	2473.155932	2623.103952	-149.948021	1683.500330	6.131653
0.600000	2473.155907	2617.758171	-144.602264	1680.069424	33.878717
0.610000	2473.155979	2611.737124	-138.581145	1676.205134	60.985906
0.620000	2473.156152	2605.142308	-131.986156	1671.972600	86.773264
0.630000	2473.156387	2598.218190	-125.061803	1667.528722	110.593979
0.640000	2473.156637	2591.300741	-118.144103	1663.089124	131.850605
0.650000	2473.154909	2584.751504	-111.596595	1658.885843	150.669297
0.660000	2473.155199	2577.351358	-104.196159	1654.136451	208.797632
0.670000	2473.155616	2568.061569	-94.905953	1648.174292	261.901042
0.680000	2473.156127	2557.524146	-84.368020	1641.411406	308.653020
0.690000	2473.156681	2546.530064	-73.373383	1634.355436	347.885945
0.700000	2473.157226	2535.941377	-62.784151	1627.559648	378.620233
0.710000	2473.157711	2526.604975	-53.447264	1621.567573	400.088800
0.720000	2473.158099	2519.274097	-46.115998	1616.862638	411.756214
0.730000	2473.157298	2514.331093	-41.173794	1613.690232	429.584704
0.740000	2473.156878	2510.826909	-37.670030	1611.441257	466.497981
0.750000	2473.156980	2508.409199	-35.252220	1609.889578	497.461024
0.760000	2473.156969	2507.191413	-34.034445	1609.108007	516.299718
0.770000	2473.156849	2507.140857	-33.984008	1609.075560	522.543676
0.780000	2473.156657	2508.059822	-34.903165	1609.665349	516.037025
0.790000	2473.156439	2509.637657	-36.481217	1610.677999	496.942197
0.800000	2473.156345	2511.912294	-38.755948	1612.137854	487.925145
0.810000	2473.156046	2515.283483	-42.127437	1614.301473	472.299031
0.820000	2473.155728	2519.291362	-46.135634	1616.873718	444.959603
0.830000	2473.155413	2523.419915	-50.264502	1619.523411	406.586703
0.840000	2473.155114	2527.157279	-54.002165	1621.922040	358.138304
0.850000	2473.155358	2529.830343	-56.674985	1623.637605	325.208599
0.860000	2473.155105	2531.204440	-58.049335	1624.519496	342.059092
0.870000	2473.154842	2531.601448	-58.446606	1624.774295	350.530156
0.880000	2473.151251	2530.085307	-56.934057	1623.801240	387.872539
0.890000	2473.151456	2523.397642	-50.246186	1619.509116	449.724809
0.900000	2473.152214	2511.445626	-38.293412	1611.838348	500.596891
0.910000	2473.153491	2495.404534	-22.251043	1601.543223	539.215478
0.920000	2473.154902	2477.166683	-4.011780	1589.838224	564.613495
0.930000	2473.157454	2459.004212	14.153242	1578.181604	591.088841
0.940000	2473.156343	2442.300230	30.856113	1567.461038	694.327550
0.950000	2473.156872	2427.049725	46.107147	1557.673310	786.283356
0.960000	2473.157514	2414.226667	58.930847	1549.443509	858.766735
0.970000	2473.158136	2404.860963	68.297173	1543.432628	909.965818
0.980000	2473.158541	2399.888178	73.270364	1540.241109	938.600958
0.990000	2473.158608	2399.888853	73.269755	1540.241542	943.956760
1.000000	2473.154637	2404.286238	68.868399	1543.063771	953.962505
1.010000	2473.150572	2409.127783	64.022788	1546.171060	995.940859
1.020000	2473.150282	2411.571458	61.578823	1547.739404	1019.298804
1.030000	2473.150064	2411.143545	62.006519	1547.464770	1017.373302
1.040000	2473.149884	2407.554280	65.595604	1545.161190	990.218241
1.050000	2473.152424	2400.898102	72.254322	1540.889275	956.376821
1.060000	2473.152311	2392.880345	80.271966	1535.743502	919.384803
1.070000	2473.152888	2384.046631	89.106256	1530.074051	859.585620
1.080000	2473.158201	2376.376793	96.781408	1525.151572	819.451850
1.090000	2473.156121	2374.650449	98.505673	1524.043609	825.571752
1.100000	2473.153493	2378.256394	94.897100	1526.357894	850.289019
1.110000	2473.150038	2384.594467	88.555572	1530.425651	878.882961
1.120000	2473.149306	2388.020607	85.128699	1532.624537	929.190180
1.130000	2473.153609	2386.331090	86.822519	1531.540210	959.334866
1.140000	2473.154471	2381.750723	91.403748	1528.600544	1023.023060
1.150000	2473.155161	2376.820896	96.334265	1525.436596	1061.194343
1.160000	2473.154440	2372.253601	100.900838	1522.505320	1089.422089
1.170000	2473.154587	2366.450938	106.703650	1518.781187	1150.325482
1.180000	2473.154346	2357.590991	115.563355	1513.094900	1218.174928
1.190000	2473.155056	2345.837154	127.317902	1505.551322	1258.630240
1.200000	2473.160265	2333.244322	139.915943	1497.469280	1302.363231
1.210000	2473.159191	2324.581439	148.577752	1491.909467	1392.119568
1.220000	2473.159435	2320.522348	152.637087	1489.304355	1479.895678
1.230000	2473.159393	2321.006609	152.152784	1489.615152	1530.777085
1.240000	2473.159055	2325.960973	147.198083	1492.794848	1543.473386
1.250000	2473.158426	2334.847011	138.311414	1498.497881	1517.655100
1.260000	2473.157491	2346.673961	126.483530	1506.088383	1453.969472
1.270000	2473.156156	2359.996640	113.159515	1514.638838	1354.042470
1.280000	2473.152946	2372.661806	100.491140	1522.767304	1234.528365
1.290000	2473.152147	2382.297817	90.854329	1528.951668	1144.733075
1.300000	2473.146143	2387.533809	85.612333	1532.312112	1090.135157
1.310000	2473.152422	2385.669691	87.482731	1531.115726	1062.664393
1.320000	2473.160914	2386.370887	86.790026	1531.565752	1046.845347
1.330000	2473.151516	2399.461971	73.689545	1539.967571	1037.551167
1.340000	2473.143048	2414.879894	58.263153	1549.862748	1027.603196
1.350000	2473.144737	2419.912257	53.232480	1553.092504	1031.441431
1.360000	2473.147963	2413.689786	59.458177	1549.098940	1056.410776
1.370000	2473.151073	2400.687790	72.463283	1540.754297	1122.244633
1.380000	2473.151053	2385.451661	87.699392	1530.975795	1208.821271
1.390000	2473.152384	2368.464516	104.687868	1520.073496	1306.011928
1.400000	2473.153685	2351.068526	122.085159	1508.908801	1370.524440
1.410000	2473.155856	2335.634743	137.521113	1499.003445	1431.495386
1.420000	2473.156481	2325.760092	147.396389	1492.665923	1482.258591
1.430000	2473.155579	2322.630711	150.524868	1490.657496	1506.135786
1.440000	2473.155094	2325.736578	147.418516	1492.650832	1505.810406
1.450000	2473.154194	2334.287372	138.866822	1498.138707	1467.771790
1.460000	2473.150605	2345.988953	127.161651	1505.648747	1451.048784
1.470000	2473.150539	2357.131926	116.018612	1512.800274	1425.150478
1.480000	2473.148584	2366.782034	106.366550	1518.993684	1420.893006
1.490000	2473.148394	2374.284863	98.863531	1523.808977	1415.216085
1.500000	2473.147089	2379.478331	93.668758	1527.142130	1410.499252
1.510000	2473.145337	2381.634662	91.510675	1528.526057	1389.867915
1.520000	2473.146929	2378.759188	94.387741	1526.680586	1336.181374
1.530000	2473.146509	2370.542194	102.604316	1521.406943	1301.435367
1.540000	2473.146746	2357.630864	115.515882	1513.120490	1282.619658
1.550000	2473.143813	2340.969483	132.174330	1502.427265	1287.111567
1.560000	2473.147481	2320.390876	152.756605	1489.219977	1310.196433
1.570000	2473.159044	2303.458290	169.700754	1478.352693	1310.199525
1.580000	2473.158130	2306.233418	166.924713	1480.133762	1302.627841
1.590000	2473.147286	2327.979522	145.167764	1494.090347	1290.609683
1.600000	2473.145560	2353.152458	119.993102	1510.246263	1277.536860
1.610000	2473.144784	2375.274085	97.870699	1524.443858	1245.876893
1.620000	2473.145496	2392.013697	81.131799	1535.187291	1232.491875
1.630000	2473.145227	2402.379708	70.765518	1541.840166	1241.605126
1.640000	2473.144832	2406.073096	67.071736	1544.210571	1261.438201
1.650000	2473.145527	2402.881358	70.264169	1542.162123	1289.287467
1.660000	2473.146432	2393.372686	79.773746	1536.059486	1407.196950
1.670000	2473.146985	2379.677090	93.469895	1527.269693	1516.826678
1.680000	2473.150713	2363.538096	109.612617	1516.911734	1654.718133
1.690000	2473.151804	2348.222108	124.929696	1507.081978	1762.906419
1.700000	2473.150198	2335.083647	138.066551	1498.649753	1858.434745
1.710000	2473.150805	2323.983324	149.167481	1491.525599	1926.610170
1.720000	2473.149445	2315.272094	157.877351	1485.934757	1970.706729
1.730000	2473.149262	2308.635019	164.514244	1481.675102	1970.096772
1.740000	2473.149482	2304.401322	168.748160	1478.957928	1959.762380
1.750000	2473.149017	2302.301115	170.847902	1477.610022	1976.564595
1.760000	2473.147562	2301.360091	171.787471	1477.006075	1955.304632
1.770000	2473.146691	2300.266585	172.880107	1476.304266	1887.595504
1.780000	2473.146712	2298.514164	174.632548	1475.179568	1786.292087
1.790000	2473.152627	2298.323104	174.829523	1475.056946	1642.031390
1.800000	2473.156465	2308.124571	165.031894	1481.347498	1482.104284
1.810000	2473.149827	2333.192275	139.957552	1497.435876	1305.418334
1.820000	2473.139840	2363.405066	109.734774	1516.826356	1135.274979
1.830000	2473.138466	2384.842757	88.295709	1530.585002	982.618297
1.840000	2473.137895	2393.315348	79.822548	1536.022686	854.943359
1.850000	2473.141208	2389.437465	83.703742	1533.533873	755.315208
1.860000	2473.160368	2382.231926	90.928442	1528.909379	690.936389
1.870000	2473.157879	2400.555374	72.602505	1540.669314	613.629643
1.880000	2473.131197	2440.136813	32.994385	1566.072563	524.107550
1.890000	2473.131074	2463.855928	9.275146	1581.295421	427.129858
1.900000	2473.140900	2465.619868	7.521032	1582.427512	383.611966
1.910000	2473.151452	2456.993625	16.157827	1576.891216	362.126044
1.920000	2473.157063	2453.365501	19.791562	1574.562696	355.007706
1.930000	2473.150551	2461.849607	11.300944	1580.007771	344.456466
1.940000	2473.146543	2473.679851	-0.533308	1587.600386	336.994041
1.950000	2473.148023	2481.048799	-7.900776	1592.329755	355.766986
1.960000	2473.149653	2483.566345	-10.416692	1593.945508	374.664619
1.970000	2473.151464	2483.023572	-9.872108	1593.597158	407.260406
1.980000	2473.152375	2481.240365	-8.087990	1592.452701	429.711931
1.990000	2473.152417	2479.372963	-6.220546	1591.254208	441.479291
2.000000	2473.151868	2477.520942	-4.369074	1590.065587	442.296708
2.010000	2473.150695	2475.112787	-1.962092	1588.520040	433.549464
2.020000	2473.151437	2471.535219	1.616218	1586.223967	432.740296
2.030000	2473.152216	2467.497223	5.654993	1583.632394	466.626838
2.040000	2473.153633	2465.610403	7.543230	1582.421438	524.481066
2.050000	2473.151745	2467.398736	5.753009	1583.569185	580.654682
2.060000	2473.148783	2470.141056	3.007726	1585.329198	634.109887
2.070000	2473.148753	2469.990129	3.158623	1585.232333	707.680675
2.080000	2473.149297	2465.960007	7.189291	1582.645813	764.025002
2.090000	2473.148648	2458.381718	14.766930	1577.782089	818.288635
2.100000	2473.149374	2447.410087	25.739287	1570.740529	882.826815
2.110000	2473.147522	2433.517205	39.630317	1561.824118	942.947657
2.120000	2473.146542	2415.514347	57.632195	1550.269938	992.816045
2.130000	2473.155671	2395.481013	77.674658	1537.412603	1077.197799
2.140000	2473.158781	2386.636007	86.522774	1531.735905	1149.329251
2.150000	2473.146510	2392.589078	80.557432	1535.556568	1211.328150
2.160000	2473.143192	2397.935997	75.207195	1538.988205	1249.901406
2.170000	2473.145882	2396.262413	76.883469	1537.914104	1273.245387
2.180000	2473.150046	2390.584451	82.565595	1534.270005	1264.789392
2.190000	2473.154066	2387.037794	86.116272	1531.993771	1224.737595
2.200000	2473.153025	2391.103313	82.049712	1534.603008	1154.089210
2.210000	2473.149118	2401.267660	71.881457	1541.126457	1072.068991
2.220000	2473.149639	2411.365797	61.783842	1547.607411	1008.984971
2.230000	2473.151345	2420.009386	53.141959	1553.154841	968.918343
2.240000	2473.151613	2429.131015	44.020598	1559.009075	914.198282
2.250000	2473.149169	2438.883980	34.265190	1565.268499	852.625035
2.260000	2473.148260	2446.486909	26.661351	1570.148036	806.665304
2.270000	2473.146610	2449.879718	23.266891	1572.325531	768.917682
2.280000	2473.148569	2448.077462	25.071107	1571.168849	712.269837
2.290000	2473.151325	2444.507475	28.643850	1568.877641	656.822297
2.300000	2473.147732	2443.262729	29.885003	1568.078767	585.118253
2.310000	2473.144005	2440.367015	32.776990	1566.220307	506.311043
2.320000	2473.146787	2431.293901	41.852886	1560.397209	452.760135
2.330000	2473.150463	2420.067424	53.083038	1553.192090	465.789476
2.340000	2473.150571	2411.947384	61.203187	1547.980672	481.214602
2.350000	2473.147885	2408.284356	64.863529	1545.629751	500.202184
2.360000	2473.138204	2406.133284	67.004920	1544.249200	506.796784
2.370000	2473.137326	2396.071482	77.065844	1537.791565	500.831944
2.380000	2473.166055	2387.658029	85.508026	1532.391836	482.455462
2.390000	2473.140546	2411.819174	61.321372	1547.898387	455.086141
2.400000	2473.139412	2441.558222	31.581189	1566.984820	431.314134
2.410000	2473.147062	2462.854043	10.293019	1580.652414	442.244179
2.420000	2473.146460	2480.046406	-6.899946	1591.686422	476.599856
2.430000	2473.144801	2490.515820	-17.371019	1598.405660	525.358770
2.440000	2473.144415	2491.039420	-17.895005	1598.741705	570.075378
2.450000	2473.147206	2481.167964	-8.020757	1592.406234	606.734130
2.460000	2473.155877	2465.920197	7.235680	1582.620263	646.461324
2.470000	2473.159631	2458.177626	14.982005	1577.651104	670.370700
2.480000	2473.151667	2462.621252	10.530415	1580.503010	677.857489
2.490000	2473.149452	2468.886224	4.263229	1584.523850	668.732608
2.500000	2473.151947	2471.602918	1.549029	1586.267416	643.224750
2.510000	2473.154572	2472.618040	0.536533	1586.918918	604.042185
2.520000	2473.156081	2474.782449	-1.626367	1588.308030	572.809960
2.530000	2473.155975	2479.698853	-6.542878	1591.463363	548.901539
2.540000	2473.154878	2486.860614	-13.705735	1596.059760	512.116426
2.550000	2473.153516	2494.662118	-21.508601	1601.066742	462.753550
2.560000	2473.151891	2501.161509	-28.009618	1605.238032	402.048763
2.570000	2473.150289	2504.250021	-31.099732	1607.220230	331.521432
2.580000	2473.149110	2502.125991	-28.976881	1605.857034	273.539766
2.590000	2473.152456	2495.174749	-22.022293	1601.395748	229.947401
2.600000	2473.155469	2488.907034	-15.751565	1597.373147	192.197431
2.610000	2473.153883	2488.112073	-14.958190	1596.862943	165.433347
2.620000	2473.149322	2491.118019	-17.968697	1598.792150	185.918112
2.630000	2473.148258	2492.133715	-18.985457	1599.444021	222.710033
2.640000	2473.150571	2488.575250	-15.424679	1597.160208	268.395624
2.650000	2473.155593	2483.810369	-10.654776	1594.102122	307.357363
2.660000	2473.155990	2484.279443	-11.123453	1594.403172	338.622694
2.670000	2473.151968	2490.358840	-17.206872	1598.304911	361.411300
2.680000	2473.149585	2496.371225	-23.221640	1602.163642	375.154594
2.690000	2473.149028	2498.177716	-25.028689	1603.323043	379.509934
2.700000	2473.148367	2494.569498	-21.421131	1601.007299	377.195021
2.710000	2473.148779	2485.474304	-12.325524	1595.170030	380.125833
2.720000	2473.150859	2472.480004	0.670855	1586.830328	373.535441
2.730000	2473.154498	2460.076130	13.078368	1578.869558	357.589232
2.740000	2473.155956	2454.504541	18.651415	1575.293729	347.925527
2.750000	2473.153612	2458.973909	14.179702	1578.162156	334.340463
2.760000	2473.149656	2470.173834	2.975823	1585.350234	312.387553
2.770000	2473.147684	2481.697455	-8.549771	1592.746060	282.616070
2.780000	2473.147465	2489.563529	-16.416064	1597.794483	271.430026
2.790000	2473.146574	2492.000130	-18.853557	1599.358287	261.936949
2.800000	2473.148402	2488.210133	-15.061731	1596.925877	245.887902
2.810000	2473.154186	2481.871320	-8.717133	1592.857646	238.140860
2.820000	2473.155688	2481.369828	-8.214140	1592.535790	250.073467
2.830000	2473.149031	2488.786092	-15.637061	1597.295526	274.610640
2.840000	2473.142186	2495.450410	-22.308224	1601.572666	294.918278
2.850000	2473.139556	2491.737145	-18.597590	1599.189504	307.853717
2.860000	2473.143184	2475.010097	-1.866913	1588.454134	377.963297
2.870000	2473.148780	2454.664512	18.484268	1575.396398	477.636508
2.880000	2473.144396	2439.542175	33.602221	1565.690926	565.490038
2.890000	2473.154084	2428.600008	44.554076	1558.668277	639.290069
2.900000	2473.150219	2430.516579	42.633639	1559.898326	703.333296
2.910000	2473.144773	2438.711536	34.433237	1565.157825	761.206861
2.920000	2473.147714	2442.434789	30.712925	1567.547398	800.096254
2.930000	2473.151080	2442.120709	31.030371	1567.345822	819.026740
2.940000	2473.153593	2441.350473	31.803120	1566.851487	835.130022
2.950000	2473.154374	2442.787995	30.366379	1567.774084	839.844688
2.960000	2473.154588	2447.456029	25.698559	1570.770015	826.158539
2.970000	2473.154238	2455.547252	17.606987	1575.962937	791.880136
2.980000	2473.153323	2466.508679	6.644643	1582.997949	737.880767
2.990000	2473.149770	2478.917862	-5.768092	1590.962126	676.595577
3.000000	2473.147325	2489.214764	-16.067439	1597.570647	622.031668
3.010000	2473.143976	2493.842585	-20.698609	1600.540769	562.785739
3.020000	2473.141147	2489.054557	-15.913411	1597.467827	489.777182
3.030000	2473.144094	2473.298798	-0.154704	1587.355827	425.581491
3.040000	2473.152195	2452.762155	20.390040	1574.175471	352.330747
3.050000	2473.151409	2439.666863	33.484546	1565.770951	271.512008
3.060000	2473.145612	2435.356951	37.788662	1563.004862	254.497141
3.070000	2473.146991	2432.672541	40.474449	1561.282016	262.749554
3.080000	2473.156550	2434.375471	38.781079	1562.374952	264.683160
3.090000	2473.150815	2451.274361	21.876454	1573.220609	260.294669
3.100000	2473.141844	2474.838484	-1.696640	1588.343993	249.747902
3.110000	2473.143870	2490.077177	-16.933307	1598.124141	233.372833
3.120000	2473.146547	2495.714566	-22.568019	1601.742200	211.660000
3.130000	2473.147481	2494.540002	-21.392520	1600.988369	185.248987
3.140000	2473.152557	2489.429343	-16.276786	1597.708363	154.908902
3.150000	2473.159719	2489.326417	-16.166697	1597.642305	129.909600
3.160000	2473.153032	2502.998109	-29.845076	1606.416756	103.749129
3.170000	2473.146352	2521.965172	-48.818820	1618.589762	75.951873
3.180000	2473.146608	2535.325059	-62.178451	1627.164097	47.201725
3.190000	2473.148132	2541.147282	-67.999150	1630.900783	18.138218
3.200000	2473.150666	2540.901654	-67.750988	1630.743139	0.000000
3.210000	2473.151801	2537.242196	-64.090395	1628.394510	8.001849
3.220000	2473.153255	2532.497110	-59.343855	1625.349128	21.865935
3.230000	2473.152699	2528.765715	-55.613016	1622.954330	35.170622
3.240000	2473.148284	2525.149759	-52.001475	1620.633620	75.143554
3.250000	2473.144765	2516.669623	-43.524858	1615.191094	126.954223
3.260000	2473.146535	2500.193358	-27.046824	1604.616676	175.624307
3.270000	2473.151563	2480.726435	-7.574872	1592.122862	227.679070
3.280000	2473.144134	2466.014856	7.129278	1582.681015	276.676761
3.290000	2473.144597	2451.202542	21.942055	1573.174515	333.395735
3.300000	2473.143195	2437.772568	35.370627	1564.555198	381.858771
3.310000	2473.128505	2424.949905	48.178600	1556.325651	432.287519
3.320000	2473.140473	2401.337582	71.802891	1541.171332	492.975383
3.330000	2473.173709	2395.292796	77.880913	1537.291807	541.432863
3.340000	2473.126383	2437.442020	35.684362	1564.343054	576.450168
3.350000	2473.129948	2470.323014	2.806934	1585.445978	597.153037
3.360000	2473.142986	2479.847585	-6.704599	1591.558819	603.024471
3.370000	2473.150222	2478.954528	-5.804306	1590.985658	598.108658
3.380000	2473.153678	2477.420662	-4.266984	1590.001227	585.940055
3.390000	2473.152270	2479.834541	-6.682270	1591.550447	559.200670
3.400000	2473.148954	2484.372560	-11.223606	1594.462935	518.553919
3.410000	2473.148001	2486.599953	-13.451952	1595.892469	475.842211
3.420000	2473.150496	2485.070108	-11.919611	1594.910619	424.541248
3.430000	2473.154234	2483.322347	-10.168113	1593.788911	362.695047
3.440000	2473.153753	2486.407055	-13.253302	1595.768668	322.031096
3.450000	2473.150520	2493.822749	-20.672228	1600.528038	284.402193
3.460000	2473.150319	2501.155789	-28.005470	1605.234361	239.689735
3.470000	2473.151496	2507.339369	-34.187873	1609.202964	195.112267
3.480000	2473.152285	2513.477601	-40.325316	1613.142463	151.998812
3.490000	2473.151376	2519.962577	-46.811202	1617.304502	117.634655
3.500000	2473.149905	2525.520077	-52.370172	1620.871289	80.541499
3.510000	2473.150449	2528.140780	-54.990332	1622.553248	66.737905
3.520000	2473.149182	2527.033133	-53.883951	1621.842364	82.078899
3.530000	2473.150296	2521.344998	-48.194702	1618.191736	110.483882
3.540000	2473.153777	2513.086057	-39.932280	1612.891172	139.381784
3.550000	2473.155751	2507.207687	-34.051936	1609.118451	169.174306
3.560000	2473.153659	2506.380378	-33.226718	1608.587487	199.252852
3.570000	2473.151889	2508.081789	-34.929900	1609.679448	227.860338
3.580000	2473.152075	2509.608750	-36.456676	1610.659447	256.630637
3.590000	2473.151612	2510.489722	-37.338111	1611.224852	302.169090
3.600000	2473.151566	2510.356151	-37.204586	1611.139126	353.346889
3.610000	2473.150273	2508.922039	-35.771766	1610.218718	396.392054
3.620000	2473.146591	2504.290950	-31.144359	1607.246498	446.648852
3.630000	2473.142418	2492.633733	-19.491315	1599.764931	488.836649
3.640000	2473.144518	2471.040760	2.103758	1585.906625	519.368229
3.650000	2473.151801	2446.788173	26.363629	1570.341386	537.475862
3.660000	2473.141860	2430.886779	42.255081	1560.135919	542.706599
3.670000	2473.155150	2419.567318	53.587831	1552.871123	534.930682
3.680000	2473.147582	2426.564835	46.582747	1557.362108	565.779980
3.690000	2473.129408	2439.187631	33.941777	1565.463382	612.513185
3.700000	2473.132399	2429.862023	43.270376	1559.478234	644.539064
3.710000	2473.141830	2399.328449	73.813381	1539.881877	702.345613
3.720000	2473.147603	2363.338534	109.809069	1516.783656	788.537003
3.730000	2473.143660	2333.466999	139.676661	1497.612194	868.887944
3.740000	2473.151878	2310.775673	162.376205	1483.048968	936.832538
3.750000	2473.144615	2303.446861	169.697754	1478.345358	983.578006
3.760000	2473.140876	2302.503681	170.637194	1477.740028	1012.063852
3.770000	2473.152271	2301.754516	171.397755	1477.259216	1020.474346
3.780000	2473.148962	2311.531300	161.617662	1483.533927	1003.921778
3.790000	2473.146412	2326.987967	146.158445	1493.453970	971.282861
3.800000	2473.149894	2341.232307	131.917588	1502.595945	943.944897
3.810000	2473.151675	2356.417704	116.733970	1512.341888	902.989872
3.820000	2473.150545	2374.521943	98.628601	1523.961135	870.620820
3.830000	2473.147755	2393.951374	79.196382	1536.430886	830.478482
3.840000	2473.144294	2410.596785	62.547509	1547.113861	775.218419
3.850000	2473.142279	2419.454360	53.687920	1552.798626	726.259019
3.860000	2473.142946	2416.684407	56.458539	1551.020879	676.456404
3.870000	2473.146171	2404.269842	68.876328	1543.053248	627.502274
3.880000	2473.153986	2389.035039	84.118947	1533.275597	622.437256
3.890000	2473.158322	2386.298226	86.860096	1531.519118	631.464941
3.900000	2473.143529	2400.330747	72.812782	1540.525148	627.288785
3.910000	2473.142289	2411.898254	61.244036	1547.949140	649.216943
3.920000	2473.147275	2413.812871	59.334405	1549.177936	703.679019
3.930000	2473.148656	2410.335393	62.813264	1546.946101	740.750558
3.940000	2473.149703	2403.424371	69.725332	1542.510627	759.502007
3.950000	2473.152664	2395.033531	78.119133	1537.125411	761.475393
3.960000	2473.156383	2389.812549	83.343833	1533.774600	762.281115
3.970000	2473.158326	2393.262850	79.895477	1535.988993	744.992943
3.980000	2473.155705	2407.545345	65.610360	1545.155456	709.274201
3.990000	2473.152652	2428.326048	44.826604	1558.492450	656.018022
4.000000	2473.151276	2449.838262	23.313014	1572.298925	586.555550
4.010000	2473.145980	2467.229921	5.916059	1583.460840	560.829347
4.020000	2473.146870	2476.706934	-3.560064	1589.543159	577.067397
4.030000	2473.148229	2478.558451	-5.410222	1590.731457	589.974352
4.040000	2473.149340	2474.251868	-1.102528	1587.967505	593.432091
4.050000	2473.151461	2465.935494	7.215967	1582.630081	615.058588
4.060000	2473.151686	2456.180041	16.971645	1576.369060	649.691891
4.070000	2473.150384	2445.331640	27.818744	1569.406588	698.742488
4.080000	2473.150179	2433.214786	39.935393	1561.630027	756.539293
4.090000	2473.150805	2420.089941	53.060864	1553.206540	818.733017
4.100000	2473.151244	2406.925700	66.225545	1544.757770	862.294959
4.110000	2473.152799	2394.828172	78.324627	1536.993612	899.535123
4.120000	2473.153060	2385.481198	87.671863	1530.994752	926.891828
4.130000	2473.153600	2380.058658	93.094942	1527.514582	941.638688
4.140000	2473.152661	2379.568860	93.583801	1527.200231	933.591034
4.150000	2473.149308	2383.009976	90.139332	1529.408729	909.253105
4.160000	2473.145697	2386.369926	86.775772	1531.565135	874.954185
4.170000	2473.151249	2387.287805	85.863443	1532.154227	829.052137
4.180000	2473.158799	2395.108943	78.049856	1537.173810	763.171352
4.190000	2473.148401	2418.527671	54.620730	1552.203881	678.887802
4.200000	2473.140286	2444.423066	28.717220	1568.823468	581.539871
4.210000	2473.142275	2461.208155	11.934120	1579.596089	550.205713
4.220000	2473.143486	2467.944679	5.198808	1583.919569	540.957980
4.230000	2473.147433	2465.998115	7.149318	1582.670270	541.808100
4.240000	2473.149046	2459.339440	13.809606	1578.396752	539.970295
4.250000	2473.150305	2450.573225	22.577080	1572.770622	529.675992
4.260000	2473.151281	2441.667370	31.483911	1567.054871	518.896409
4.270000	2473.152504	2434.584939	38.567565	1562.509388	526.447126
4.280000	2473.153062	2432.025416	41.127646	1560.866693	548.049486
4.290000	2473.151484	2434.661547	38.489937	1562.558554	579.451487
4.300000	2473.149810	2440.227754	32.922056	1566.130929	596.579496
4.310000	2473.149217	2445.990590	27.158627	1569.829500	598.983799
4.320000	2473.149685	2450.734659	22.415025	1572.874230	588.776628
4.330000	2473.150946	2455.008613	18.142333	1575.617241	572.272519
4.340000	2473.152354	2460.655325	12.497029	1579.241284	541.612327
4.350000	2473.152037	2469.520265	3.631772	1584.930776	497.554693
4.360000	2473.150488	2481.078112	-7.927624	1592.348568	447.297007
4.370000	2473.148616	2492.623781	-19.475165	1599.758544	397.666332
4.380000	2473.147113	2500.862743	-27.715630	1605.046285	366.220515
4.390000	2473.146154	2502.034626	-28.888472	1605.798396	373.481856
4.400000	2473.148484	2496.463579	-23.315095	1602.222915	381.555883
4.410000	2473.150939	2486.441427	-13.290488	1595.790727	421.797740
4.420000	2473.150775	2473.435765	-0.284990	1587.443732	485.136880
4.430000	2473.150898	2458.043651	15.107247	1577.565119	553.561853
4.440000	2473.152479	2441.163084	31.989395	1566.731221	611.592708
4.450000	2473.153771	2425.036703	48.117068	1556.381358	654.718544
4.460000	2473.154413	2411.605418	61.548995	1547.761199	681.925537
4.470000	2473.154682	2402.045594	71.109087	1541.625732	705.051195
4.480000	2473.154271	2396.845710	76.308561	1538.288462	718.564515
4.490000	2473.153149	2395.469094	77.684055	1537.404954	723.222087
4.500000	2473.152020	2396.834119	76.317901	1538.281023	709.985566
4.510000	2473.144646	2399.212515	73.932131	1539.807470	729.986574
4.520000	2473.140616	2397.379181	75.761435	1538.630842	778.053434
4.530000	2473.142632	2388.622431	84.520201	1533.010786	808.409988
4.540000	2473.160032	2382.872393	90.287639	1529.320429	836.598800
4.550000	2473.144031	2399.483244	73.660787	1539.981224	872.849060
4.560000	2473.132097	2418.105098	55.026999	1551.932674	917.225846
4.570000	2473.137289	2418.537526	54.599763	1552.210205	940.606509
4.580000	2473.141834	2404.006025	69.135810	1542.883931	974.098304
4.590000	2473.145676	2382.978278	90.167398	1529.388385	1026.955333
4.600000	2473.147302	2360.075984	113.071318	1514.689761	1058.828789
4.610000	2473.150148	2338.775527	134.374621	1501.019191	1081.777265
4.620000	2473.153890	2324.569853	148.584036	1491.902032	1083.843901
4.630000	2473.156472	2323.943555	149.212917	1491.500075	1078.543801
4.640000	2473.152758	2339.890584	133.262174	1501.734832	1047.348318
4.650000	2473.146764	2367.000305	106.146459	1519.133770	990.361719
4.660000	2473.143905	2396.151064	76.992842	1537.842640	909.005451
4.670000	2473.142726	2421.726162	51.416565	1554.256662	820.669462
4.680000	2473.143729	2441.525185	31.618544	1566.963616	726.430015
4.690000	2473.144616	2456.203884	16.940732	1576.384362	614.473235
4.700000	2473.144611	2466.674696	6.469914	1583.104498	490.297520
4.710000	2473.147128	2473.320539	-0.173411	1587.369780	434.320438
4.720000	2473.146151	2478.334421	-5.188270	1590.587675	409.476914
4.730000	2473.146131	2480.721991	-7.575859	1592.120010	375.875135
4.740000	2473.145902	2479.634045	-6.488143	1591.421770	351.511221
4.750000	2473.148182	2475.565664	-2.417482	1588.810695	346.476435
4.760000	2473.149048	2470.539513	2.609534	1585.584926	364.942780
4.770000	2473.150129	2466.588457	6.561673	1583.049150	374.600490
4.780000	2473.150974	2465.300382	7.850592	1582.222467	375.207685
4.790000	2473.150859	2467.868016	5.282843	1583.870367	366.749001
4.800000	2473.149575	2474.110171	-0.960595	1587.876564	349.435976
4.810000	2473.147595	2482.214525	-9.066930	1593.077914	323.701755
4.820000	2473.145151	2489.401882	-16.256731	1597.690738	293.095341
4.830000	2473.141834	2492.421791	-19.279958	1599.628907	258.546497
4.840000	2473.137613	2487.500373	-14.362760	1596.470356	223.965387
4.850000	2473.138820	2471.783844	1.354976	1586.383534	187.645457
4.860000	2473.158676	2453.950090	19.208585	1574.937884	146.866671
4.870000	2473.153050	2461.261497	11.891553	1579.630323	117.257392
4.880000	2473.131681	2487.434721	-14.303039	1596.428220	99.797677
4.890000	2473.134607	2502.200338	-29.065731	1605.904750	80.010071
4.900000	2473.146662	2504.128226	-30.981564	1607.142062	58.389993
4.910000	2473.151897	2507.653106	-34.501209	1609.404320	59.174459
4.920000	2473.145859	2518.016131	-44.870272	1616.055279	62.131355
4.930000	2473.142659	2526.845256	-53.702597	1621.721785	84.781120
4.940000	2473.144018	2529.172023	-56.028005	1623.215097	109.234785
4.950000	2473.145344	2525.781581	-52.636238	1621.039122	135.069138
4.960000	2473.146643	2518.446442	-45.299799	1616.331451	162.743385
4.970000	2473.147467	2509.063312	-35.915844	1610.309386	194.095699
4.980000	2473.148613	2499.279474	-26.130862	1604.030148	233.175922
4.990000	2473.148707	2490.794316	-17.645609	1598.584399	266.851679
5.000000	2473.148741	2484.104397	-10.955656	1594.290828	316.183183
5.010000	2473.148257	2478.878577	-5.730320	1590.936913	374.231899
5.020000	2473.148553	2475.059192	-1.910639	1588.485643	427.965997
5.030000	2473.148135	2472.990780	0.157355	1587.158142	471.181729
5.040000	2473.147101	2472.075890	1.071211	1586.570968	508.255468
5.050000	2473.145668	2470.733353	2.412315	1585.709332	537.271638
5.060000	2473.143646	2467.028302	6.115343	1583.331441	565.387286
5.070000	2473.144388	2459.526151	13.618238	1578.516583	616.804657
5.080000	2473.146957	2449.218247	23.928709	1571.901001	676.634712
5.090000	2473.145853	2439.171371	33.974483	1565.452945	719.967954
5.100000	2473.143496	2428.416270	44.727226	1558.550354	745.793335
5.110000	2473.144045	2414.342251	58.801795	1549.517690	753.562191
5.120000	2473.147588	2398.154727	74.992861	1539.128585	743.205426
5.130000	2473.153338	2385.738957	87.414380	1531.160181	732.465561
5.140000	2473.153842	2384.462551	88.691291	1530.340987	716.486632
5.150000	2473.149549	2394.759550	78.389999	1536.949571	698.320633
5.160000	2473.146002	2410.389010	62.756993	1546.980512	671.126258
5.170000	2473.145036	2425.514454	47.630582	1556.687977	636.330507
5.180000	2473.144086	2438.004928	35.139158	1564.704326	597.957756
5.190000	2473.140271	2445.986553	27.153718	1569.826909	544.879151
5.200000	2473.132237	2444.789018	28.343219	1569.058335	499.148131
5.210000	2473.126341	2426.133070	46.993271	1557.085003	460.969553
5.220000	2473.156185	2394.028489	79.127697	1536.480378	413.603040
5.230000	2473.168209	2395.441821	77.726388	1537.387450	355.991530
5.240000	2473.127685	2443.037807	30.089878	1567.934413	289.568430
5.250000	2473.125314	2482.713099	-9.587785	1593.397898	248.912502
5.260000	2473.136105	2498.976343	-25.840237	1603.835599	265.391018
5.270000	2473.140151	2500.097045	-26.956894	1604.554862	315.473601
5.280000	2473.140298	2490.754328	-17.614029	1598.558734	431.747920
5.290000	2473.138077	2470.631741	2.506336	1585.644118	537.510857
5.300000	2473.138603	2438.512186	34.626417	1565.029883	630.033589
5.310000	2473.154216	2400.161584	72.992632	1540.416580	706.977894
5.320000	2473.157676	2377.992861	95.164816	1526.188759	766.415807
5.330000	2473.143853	2376.804504	96.339349	1525.426075	806.863395
5.340000	2473.144037	2378.535354	94.608683	1526.536930	835.539598
5.350000	2473.145855	2378.524779	94.621077	1526.530143	869.496790
5.360000	2473.145283	2377.662141	95.483142	1525.976504	897.278298
5.370000	2473.148432	2376.698372	96.450060	1525.357960	922.659334
5.380000	2473.151492	2380.089435	93.062057	1527.534334	925.231890
5.390000	2473.147939	2391.661362	81.486577	1534.961163	904.928203
5.400000	2473.145255	2407.353206	65.792049	1545.032142	863.035811
5.410000	2473.146346	2423.179032	49.967314	1555.189110	824.394725
5.420000	2473.145329	2439.909558	33.235772	1565.926712	771.277084
5.430000	2473.140353	2454.742272	18.398081	1575.446303	723.623531
5.440000	2473.131560	2459.660803	13.470757	1578.603002	668.271868
5.450000	2473.120749	2443.589188	29.531561	1568.288288	634.537659
5.460000	2473.155155	2404.740533	68.414622	1543.355336	632.904684
5.470000	2473.164795	2398.366359	74.798436	1539.264410	629.167402
5.480000	2473.125584	2432.902156	40.223429	1561.429382	653.344362
5.490000	2473.138156	2452.355869	20.782286	1573.914718	661.531900
5.500000	2473.146159	2458.558120	14.588040	1577.895303	653.526076
5.510000	2473.148059	2460.646469	12.501589	1579.235600	630.318053
5.520000	2473.149226	2461.784579	11.364647	1579.966036	605.582959
5.530000	2473.150014	2463.532613	9.617401	1581.087918	581.067681
5.540000	2473.150403	2467.369163	5.781240	1583.550205	548.356356
5.550000	2473.149475	2473.786864	-0.637389	1587.669067	511.630173
5.560000	2473.148192	2481.022676	-7.874484	1592.312989	485.484565
5.570000	2473.146796	2486.297459	-13.150663	1595.698329	489.677163
5.580000	2473.146204	2487.037659	-13.891455	1596.173387	503.995305
5.590000	2473.147506	2482.992247	-9.844740	1593.577054	511.611201
5.600000	2473.148578	2475.914672	-2.766095	1589.034687	507.126184
5.610000	2473.149314	2467.632188	5.517126	1583.719014	507.556427
5.620000	2473.150763	2459.466331	13.684432	1578.478191	509.033109
5.630000	2473.150920	2452.789139	20.361781	1574.192789	523.249660
5.640000	2473.150419	2448.161634	24.988784	1571.222870	557.304498
5.650000	2473.149466	2444.708978	28.440489	1569.006965	582.763560
5.660000	2473.149648	2441.424251	31.725396	1566.898838	594.105656
5.670000	2473.151427	2438.824697	34.326731	1565.230451	591.049521
5.680000	2473.151145	2439.288058	33.863087	1565.527835	591.622024
5.690000	2473.150911	2443.788845	29.362066	1568.416427	609.225685
5.700000	2473.149723	2451.616505	21.533218	1573.440196	620.139801
5.710000	2473.148563	2460.691140	12.457423	1579.264270	616.103571
5.720000	2473.147987	2468.882199	4.265788	1584.521267	597.236574
5.730000	2473.148788	2475.117963	-1.969175	1588.523362	590.393705
5.740000	2473.149011	2479.447849	-6.298838	1591.302269	589.564602
5.750000	2473.149262	2481.997229	-8.847968	1592.938455	574.336261
5.760000	2473.149392	2482.982353	-9.832961	1593.570704	545.183929
5.770000	2473.150071	2482.777197	-9.627126	1593.439036	526.698912
5.780000	2473.150092	2482.110759	-8.960666	1593.011317	520.828492
5.790000	2473.148382	2480.560586	-7.412204	1592.016421	525.480966
5.800000	2473.146596	2475.613739	-2.467143	1588.841549	533.910332
5.810000	2473.144598	2465.284886	7.859712	1582.212522	529.216634
5.820000	2473.145034	2448.395973	24.749062	1571.373268	511.514541
5.830000	2473.153215	2428.569240	44.583976	1558.648529	483.622568
5.840000	2473.161193	2419.779694	53.381499	1553.007425	463.716434
5.850000	2473.149126	2432.340982	40.808144	1561.069222	434.809554
5.860000	2473.137415	2450.601500	22.535915	1572.788768	417.863195
5.870000	2473.137490	2456.497664	16.639826	1576.572909	390.712511
5.880000	2473.146307	2449.046314	24.099993	1571.790655	378.011109
5.890000	2473.150817	2439.452752	33.698065	1565.633535	379.679238
5.900000	2473.151917	2435.819134	37.332783	1563.301490	393.763654
5.910000	2473.154107	2442.081646	31.072461	1567.320752	408.901343
5.920000	2473.146187	2458.684263	14.461924	1577.976262	416.353247
5.930000	2473.144409	2474.102645	-0.958236	1587.871734	426.076238
5.940000	2473.147026	2482.513583	-9.366557	1593.269849	432.575695
5.950000	2473.148876	2485.469094	-12.320218	1595.166687	434.084121
5.960000	2473.149485	2484.948892	-11.799407	1594.832823	425.427281
5.970000	2473.149573	2481.826861	-8.677288	1592.829112	407.064404
5.980000	2473.149552	2476.481328	-3.331776	1589.398365	379.740220
5.990000	2473.150379	2469.621312	3.529067	1584.995627	363.108707
6.000000	2473.148850	2462.871550	10.277299	1580.663650	378.277063
6.010000	2473.147888	2456.484234	16.663655	1576.564290	397.635838
6.020000	2473.144167	2449.744471	23.399696	1572.238730	408.330132
6.030000	2473.143598	2439.329289	33.814309	1565.554297	409.865455
6.040000	2473.150667	2427.157711	45.992956	1557.742614	403.017565
6.050000	2473.148432	2422.820152	50.328280	1554.958782	402.298491
6.060000	2473.141144	2424.026573	49.114571	1555.733059	421.387492
6.070000	2473.147240	2422.379773	50.767468	1554.676148	430.307970
6.080000	2473.151672	2423.682989	49.468683	1555.512548	428.758490
6.090000	2473.148515	2432.620976	40.527539	1561.248922	416.721990
6.100000	2473.148098	2444.626950	28.521148	1568.954320	394.459534
6.110000	2473.148920	2457.168044	15.980876	1577.003157	362.498905
6.120000	2473.148658	2469.902762	3.245896	1585.176261	327.980928
6.130000	2473.148097	2482.017202	-8.869105	1592.951273	327.835485
6.140000	2473.147792	2492.603187	-19.455395	1599.745326	322.383541
6.150000	2473.147594	2500.759525	-27.611931	1604.980040	312.423345
6.160000	2473.147428	2505.956137	-32.808709	1608.315210	294.818943
6.170000	2473.147279	2507.865346	-34.718068	1609.540535	270.003457
6.180000	2473.147434	2506.364793	-33.217359	1608.577485	238.589222
6.190000	2473.148170	2501.902915	-28.754745	1605.713864	201.352573
6.200000	2473.149916	2496.403818	-23.253902	1602.184560	188.003398
6.210000	2473.149294	2491.918284	-18.768989	1599.305758	173.951552
6.220000	2473.150050	2488.560032	-15.409982	1597.150442	155.688691
6.230000	2473.152548	2488.294623	-15.142075	1596.980103	133.665392
6.240000	2473.150235	2494.198447	-21.048212	1600.769160	111.197002
6.250000	2473.145605	2502.721889	-29.576283	1606.239479	121.518846
6.260000	2473.142867	2506.626205	-33.483338	1608.745258	145.145920
6.270000	2473.142368	2501.726145	-28.583777	1605.600414	170.580632
6.280000	2473.144814	2487.815473	-14.670659	1596.672586	191.945448
6.290000	2473.152872	2470.209911	2.942960	1585.373389	208.706997
6.300000	2473.156897	2460.893044	12.263854	1579.393851	220.447051
6.310000	2473.150373	2465.229090	7.921283	1582.176712	226.872954
6.320000	2473.145376	2474.486127	-1.340751	1588.117851	238.582147
6.330000	2473.145664	2480.306044	-7.160380	1591.853057	266.262675
6.340000	2473.146774	2481.102216	-7.955441	1592.364037	289.518059
6.350000	2473.148355	2477.952353	-4.803997	1590.342465	305.607207
6.360000	2473.149463	2473.129620	0.019843	1587.247249	325.473368
6.370000	2473.151270	2469.255246	3.896024	1584.760688	352.310563
6.380000	2473.150814	2468.732908	4.417906	1584.425452	370.530524
6.390000	2473.149040	2471.028502	2.120539	1585.898758	381.149514
6.400000	2473.147495	2473.413974	-0.266479	1587.429747	395.897858
6.410000	2473.145849	2473.373362	-0.227513	1587.403682	401.291350
6.420000	2473.145221	2468.974002	4.171219	1584.580186	397.192192
6.430000	2473.149514	2460.738769	12.410745	1579.294838	401.187260
6.440000	2473.155943	2455.867162	17.288780	1576.168255	411.564304
6.450000	2473.150224	2461.345777	11.804447	1579.684413	431.324148
6.460000	2473.146658	2470.257046	2.889612	1585.403640	451.154625
6.470000	2473.146335	2475.582551	-2.436216	1588.821533	475.353652
6.480000	2473.144324	2475.768055	-2.623731	1588.940589	526.314725
6.490000	2473.144176	2469.780010	3.364165	1585.097479	588.939924
6.500000	2473.143200	2457.349893	15.793307	1577.119867	649.673027
6.510000	2473.143556	2438.007920	35.135636	1564.706246	694.728417
6.520000	2473.149823	2414.557083	58.592740	1549.655569	735.684186
6.530000	2473.153753	2397.017794	76.135959	1538.398905	764.445419
6.540000	2473.147094	2390.623618	82.523476	1534.295142	774.667816
6.550000	2473.142868	2387.055735	86.087133	1532.005285	781.470194
6.560000	2473.147305	2380.376997	92.770307	1527.718891	783.782798
6.570000	2473.152122	2374.843399	98.308723	1524.167444	787.106366
6.580000	2473.152052	2377.132518	96.019534	1525.636594	772.324458
6.590000	2473.148190	2388.059733	85.088457	1532.649648	789.994515
6.600000	2473.143659	2402.080215	71.063444	1541.647952	797.435720
6.610000	2473.139066	2413.072919	60.066147	1548.703037	845.254086
6.620000	2473.139182	2415.843804	57.295378	1550.481382	916.249603
6.630000	2473.140485	2409.655365	63.485120	1546.509661	1008.642715
6.640000	2473.141669	2396.022700	77.118969	1537.760257	1088.298155
6.650000	2473.143303	2376.973227	96.170077	1525.534361	1141.163961
6.660000	2473.144777	2355.258188	117.886589	1511.597714	1173.100275
6.670000	2473.146743	2334.061769	139.084975	1497.993915	1206.315854
6.680000	2473.148157	2317.129646	156.018511	1487.126929	1261.257465
6.690000	2473.143897	2305.644967	167.498930	1479.756096	1307.120426
6.700000	2473.139591	2294.711290	178.428301	1472.738894	1347.248229
6.710000	2473.143076	2280.916801	192.226275	1463.885632	1358.466423
6.720000	2473.155294	2271.671891	201.483403	1457.952276	1338.748159
6.730000	2473.158241	2284.112648	189.045593	1465.936717	1286.181185
6.740000	2473.144459	2321.373645	151.770814	1489.850715	1222.073911
6.750000	2473.135526	2365.364716	107.770810	1518.084053	1155.779675
6.760000	2473.135895	2401.294217	71.841677	1541.143501	1081.168233
6.770000	2473.138939	2426.484713	46.654226	1557.310686	980.707170
6.780000	2473.141093	2443.593745	29.547347	1568.291212	857.005053
6.790000	2473.142411	2455.826828	17.315583	1576.142369	762.295324
6.800000	2473.142016	2464.779169	8.362847	1581.887955	663.566508
6.810000	2473.144352	2470.444165	2.700187	1585.523732	607.972886
6.820000	2473.145554	2474.809019	-1.663465	1588.325082	574.549791
6.830000	2473.145272	2478.459489	-5.314217	1590.667943	552.088760
6.840000	2473.142929	2481.349304	-8.206375	1592.522618	520.886818
6.850000	2473.141024	2480.888438	-7.747414	1592.226835	520.777671
6.860000	2473.139490	2474.059110	-0.919620	1587.843793	531.525944
6.870000	2473.139287	2459.588258	13.551030	1578.556443	544.993883
6.880000	2473.143447	2439.117103	34.026344	1565.418117	547.861342
6.890000	2473.146435	2420.003033	53.143402	1553.150764	548.680219
6.900000	2473.141825	2407.820730	65.321095	1545.332198	573.513652
6.910000	2473.141983	2399.272303	73.869680	1539.845842	597.498058
6.920000	2473.148046	2396.097309	77.050737	1537.808140	606.922129
6.930000	2473.145030	2404.952198	68.192832	1543.491182	601.553002
6.940000	2473.141567	2421.168353	51.973215	1553.898662	588.515290
6.950000	2473.141536	2437.083323	36.058214	1564.112842	580.794173
6.960000	2473.142531	2449.534120	23.608411	1572.103727	580.593651
6.970000	2473.143848	2458.527912	14.615937	1577.875916	571.129331
6.980000	2473.144063	2464.979734	8.164328	1582.016677	557.510232
6.990000	2473.143081	2469.001031	4.142050	1584.597533	540.527087
