0.000000	134.388923	803.669796	-669.280873	515.792889	0.000000
0.010000	134.388486	800.376510	-665.988024	513.679269	0.000000
0.020000	134.387525	790.872045	-656.484520	507.579331	0.000000
0.030000	134.386083	774.075800	-639.689717	496.799551	0.000000
0.040000	134.384387	748.453744	-614.069357	480.355391	0.000000
0.050000	134.383102	712.439758	-578.056657	457.241722	0.000000
0.060000	134.383551	665.489709	-531.106158	427.109320	0.000000
0.070000	134.387181	609.946362	-475.559181	391.461764	0.000000
0.080000	134.393497	552.734268	-418.340770	354.743212	0.000000
0.090000	134.398871	504.134567	-369.735696	323.552069	0.000000
0.100000	134.400008	472.567903	-338.167895	303.292678	0.000000
0.110000	134.397361	460.011507	-325.614146	295.234020	0.000000
0.120000	134.393472	462.456165	-328.062693	296.802994	0.000000
0.130000	134.390266	473.523968	-339.133703	303.906277	0.000000
0.140000	134.388361	487.519676	-353.131315	312.888681	0.000000
0.150000	134.387649	500.658329	-366.270680	321.321029	0.000000
0.160000	134.387811	511.095539	-376.707728	328.019600	0.000000
0.170000	134.388467	518.502229	-384.113762	332.773192	0.000000
0.180000	134.389250	523.478462	-389.089211	335.966923	0.000000
0.190000	134.389947	526.974156	-392.584209	338.210449	0.000000
0.200000	134.390490	529.914933	-395.524442	340.097831	0.000000
0.210000	134.390770	533.026337	-398.635567	342.094721	0.000000
0.220000	134.390634	536.640278	-402.249644	344.414138	0.000000
0.230000	134.390130	540.493381	-406.103251	346.887048	0.000000
0.240000	134.389583	543.815608	-409.426025	349.019243	0.000000
0.250000	134.389396	545.801225	-411.411829	350.293606	0.000000
0.260000	134.389853	546.197828	-411.807975	350.548145	0.000000
0.270000	134.390951	545.710792	-411.319841	350.235566	0.000000
0.280000	134.392035	545.904890	-411.512854	350.360138	0.000000
0.290000	134.392140	548.199343	-413.807203	351.832711	0.000000
0.300000	134.391418	552.582252	-418.190835	354.645649	0.000000
0.310000	134.390828	557.781261	-423.390432	357.982357	0.000000
0.320000	134.390590	562.502365	-428.111775	361.012348	0.000000
0.330000	134.390550	565.891314	-431.500764	363.187365	0.000000
0.340000	134.390797	567.457001	-433.066204	364.192219	0.000000
0.350000	134.391334	567.190933	-432.799599	364.021457	0.000000
0.360000	134.391963	565.573687	-431.181724	362.983513	0.000000
0.370000	134.392469	563.298205	-428.905735	361.523116	0.000000
0.380000	134.392751	560.947744	-426.554993	360.014597	0.000000
0.390000	134.392839	558.820189	-424.427350	358.649139	0.000000
0.400000	134.392842	556.949390	-422.556549	357.448466	0.000000
0.410000	134.392831	555.240377	-420.847546	356.351626	0.000000
0.420000	134.392813	553.571194	-419.178381	355.280349	0.000000
0.430000	134.392782	551.812471	-417.419688	354.151606	0.000000
0.440000	134.392756	549.827272	-415.434516	352.877511	0.000000
0.450000	134.392756	547.496823	-413.104066	351.381836	0.000000
0.460000	134.392790	544.753196	-410.360406	349.620984	0.000000
0.470000	134.392847	541.589477	-407.196630	347.590519	0.000000
0.480000	134.392916	538.047022	-403.654106	345.316981	0.000000
0.490000	134.392990	534.198091	-399.805101	342.846749	0.000000
0.500000	134.393067	530.134985	-395.741919	340.239060	0.000000
0.510000	134.393133	525.959432	-391.566300	337.559202	0.000000
0.520000	134.393170	521.761255	-387.368085	334.864825	0.000000
0.530000	134.393172	517.591237	-383.198065	332.188519	0.000000
0.540000	134.393155	513.450869	-379.057713	329.531243	0.000000
0.550000	134.393149	509.314264	-374.921115	326.876383	0.000000
0.560000	134.393172	505.168302	-370.775130	324.215516	0.000000
0.570000	134.393220	501.039515	-366.646296	321.565674	0.000000
0.580000	134.393271	496.988869	-362.595598	318.965981	0.000000
0.590000	134.393306	493.082192	-358.688886	316.458687	0.000000
0.600000	134.393320	489.361157	-354.967837	314.070538	0.000000
0.610000	134.393331	485.838044	-351.444713	311.809415	0.000000
0.620000	134.393364	482.518891	-348.125527	309.679192	0.000000
0.630000	134.393424	479.434426	-345.041002	307.699592	0.000000
0.640000	134.393489	476.646613	-342.253124	305.910381	0.000000
0.650000	134.393520	474.215542	-339.822022	304.350127	0.000000
0.660000	134.393493	472.146619	-337.753125	303.022298	0.000000
0.670000	134.393419	470.358939	-335.965520	301.874971	0.000000
0.680000	134.393331	468.700072	-334.306741	300.810315	0.000000
0.690000	134.393264	466.995451	-332.602187	299.716294	0.000000
0.700000	134.393234	465.099349	-330.706115	298.499381	0.000000
0.710000	134.393243	462.923285	-328.530042	297.102790	0.000000
0.720000	134.393280	460.439067	-326.045787	295.508427	0.000000
0.730000	134.393335	457.666619	-323.273284	293.729077	0.000000
0.740000	134.393396	454.657398	-320.264002	291.797769	0.000000
0.750000	134.393458	451.479383	-317.085925	289.758128	0.000000
0.760000	134.393514	448.205233	-313.811719	287.656788	0.000000
0.770000	134.393561	444.903290	-310.509730	285.537611	0.000000
0.780000	134.393595	441.630857	-307.237262	283.437373	0.000000
0.790000	134.393617	438.429682	-304.036065	281.382869	0.000000
0.800000	134.393626	435.323935	-300.930309	279.389609	0.000000
0.810000	134.393625	432.320818	-297.927193	277.462218	0.000000
0.820000	134.393617	429.413476	-295.019859	275.596294	0.000000
0.830000	134.393605	426.585351	-292.191746	273.781212	0.000000
0.840000	134.393593	423.814939	-289.421346	272.003170	0.000000
0.850000	134.393582	421.080068	-286.686486	270.247938	0.000000
0.860000	134.393575	418.361190	-283.967615	268.502970	0.000000
0.870000	134.393571	415.643515	-281.249944	266.758774	0.000000
0.880000	134.393570	412.918048	-278.524478	265.009578	0.000000
0.890000	134.393573	410.181696	-275.788123	263.253395	0.000000
0.900000	134.393579	407.436676	-273.043097	261.491649	0.000000
0.910000	134.393586	404.689460	-270.295874	259.728494	0.000000
0.920000	134.393593	401.949515	-267.555922	257.970005	0.000000
0.930000	134.393601	399.228096	-264.834495	256.223407	0.000000
0.940000	134.393609	396.537361	-262.143752	254.496502	0.000000
0.950000	134.393617	393.890009	-259.496391	252.797438	0.000000
0.960000	134.393626	391.299501	-256.905874	251.134858	0.000000
0.970000	134.393637	388.780648	-254.387011	249.518266	0.000000
0.980000	134.393648	386.349986	-251.956338	247.958274	0.000000
0.990000	134.393659	384.025200	-249.631540	246.466233	0.000000
1.000000	134.393668	381.823075	-247.429408	245.052916	0.000000
1.010000	134.393671	379.756166	-245.362494	243.726380	0.000000
1.020000	134.393668	377.829295	-243.435627	242.489720	0.000000
1.030000	134.393659	376.037487	-241.643827	241.339743	0.000000
1.040000	134.393646	374.366426	-239.972780	240.267261	0.000000
1.050000	134.393632	372.795331	-238.401699	239.258937	0.000000
1.060000	134.393618	371.300926	-236.907308	238.299832	0.000000
1.070000	134.393607	369.860866	-235.467260	237.375606	0.000000
1.080000	134.393597	368.455507	-234.061910	236.473651	0.000000
1.090000	134.393587	367.067867	-232.674280	235.583067	0.000000
1.100000	134.393577	365.682386	-231.288809	234.693870	0.000000
1.110000	134.393566	364.283417	-229.889851	233.796015	0.000000
1.120000	134.393554	362.854388	-228.460834	232.878869	0.000000
1.130000	134.393542	361.378381	-226.984840	231.931572	0.000000
1.140000	134.393533	359.840619	-225.447086	230.944641	0.000000
1.150000	134.393533	358.232959	-223.839426	229.912850	0.000000
1.160000	134.393544	356.559815	-222.166271	228.839031	0.000000
1.170000	134.393570	354.843713	-220.450144	227.737642	0.000000
1.180000	134.393606	353.127269	-218.733664	226.636033	0.000000
1.190000	134.393644	351.467875	-217.074232	225.571039	0.000000
1.200000	134.393670	349.923578	-215.529908	224.579914	0.000000
1.210000	134.393675	348.534047	-214.140373	223.688117	0.000000
1.220000	134.393657	347.305806	-212.912150	222.899836	0.000000
1.230000	134.393624	346.210426	-211.816802	222.196824	0.000000
1.240000	134.393590	345.196796	-210.803206	221.546279	0.000000
1.250000	134.393565	344.209989	-209.816424	220.912949	0.000000
1.260000	134.393554	343.206998	-208.813444	220.269232	0.000000
1.270000	134.393555	342.164058	-207.770502	219.599877	0.000000
1.280000	134.393566	341.076049	-206.682484	218.901596	0.000000
1.290000	134.393570	339.923507	-205.529937	218.161898	5.905456
1.300000	134.393596	338.612187	-204.218592	217.320297	15.570658
1.310000	134.393628	337.165124	-202.771496	216.391576	24.837521
1.320000	134.393663	335.629205	-201.235542	215.405828	33.474460
1.330000	134.393698	334.057502	-199.663804	214.397113	41.265567
1.340000	134.393730	332.504006	-198.110276	213.400084	48.015984
1.350000	134.393756	331.018560	-196.624804	212.446729	53.556750
1.360000	134.393773	329.642201	-195.248428	211.563386	57.749004
1.370000	134.393780	328.403276	-194.009496	210.768247	60.487442
1.380000	134.393776	327.314715	-192.920940	210.069613	61.702926
1.390000	134.393761	326.372846	-191.979085	209.465124	61.364206
1.400000	134.393737	325.558039	-191.164302	208.942183	59.478690
1.410000	134.393708	324.837385	-190.443678	208.479670	56.092261
1.420000	134.393677	324.169407	-189.775730	208.050963	51.288140
1.430000	134.393650	323.510539	-189.116889	207.628104	45.184835
1.440000	134.393631	322.822616	-188.428985	207.186597	37.933229
1.450000	134.393624	322.079904	-187.686281	206.709927	29.712891
1.460000	134.393628	321.273539	-186.879911	206.192403	20.727718
1.470000	134.393639	320.411204	-186.017565	205.638959	11.201023
1.480000	134.393651	319.511308	-185.117657	205.061409	1.370206
1.490000	134.393842	318.652049	-184.258208	204.509939	0.000000
1.500000	134.393830	317.937917	-183.544087	204.051612	0.000000
1.510000	134.393805	317.354657	-182.960851	203.677277	0.000000
1.520000	134.393775	316.866687	-182.472912	203.364099	0.000000
1.530000	134.393744	316.428714	-182.034970	203.083009	0.000000
1.540000	134.393303	315.990325	-181.597022	202.801652	2.303420
1.550000	134.393291	315.298449	-180.905157	202.357608	16.777867
1.560000	134.393300	314.218595	-179.825295	201.664561	30.834992
1.570000	134.393324	312.770588	-178.377265	200.735235	44.123668
1.580000	134.393360	311.002146	-176.608786	199.600254	56.311969
1.590000	134.393408	308.984369	-174.590961	198.305251	67.095457
1.600000	134.393475	306.812092	-172.418617	196.911090	76.204798
1.610000	134.393567	304.609920	-170.216353	195.497743	83.412484
1.620000	134.393687	302.540192	-168.146505	194.169397	88.538526
1.630000	134.393821	300.802419	-166.408598	193.054099	91.454953
1.640000	134.393935	299.610015	-165.216080	192.288818	92.089010
1.650000	134.393985	299.138075	-164.744090	191.985929	90.424985
1.660000	134.393941	299.458448	-165.064507	192.191543	86.504605
1.670000	134.393810	300.498743	-166.104933	192.859201	80.426000
1.680000	134.393635	302.054359	-167.660725	193.857591	72.341256
1.690000	134.393463	303.847704	-169.454241	195.008555	62.452620
1.700000	134.393328	305.599993	-171.206665	196.133169	51.007453
1.710000	134.392743	306.998038	-172.605294	197.030429	48.573972
1.720000	134.392734	307.600782	-173.208048	197.417269	50.608815
1.730000	134.392784	307.344384	-172.951599	197.252713	51.381352
1.740000	134.393064	306.302223	-171.909159	196.583858	55.056454
1.750000	134.393176	304.844464	-170.451288	195.648272	67.698810
1.760000	134.393287	303.219911	-168.826624	194.605639	78.645370
1.770000	134.393385	301.592283	-167.198897	193.561032	87.622131
1.780000	134.393464	300.109405	-165.715941	192.609325	94.404312
1.790000	134.393517	298.889865	-164.496348	191.826628	98.821970
1.800000	134.393541	298.013473	-163.619932	191.264162	100.764245
1.810000	134.393536	297.515922	-163.122386	190.944836	100.182126
1.820000	134.393504	297.387778	-162.994274	190.862593	97.089673
1.830000	134.393449	297.577620	-163.184170	190.984433	91.563660
1.840000	134.393379	297.998849	-163.605470	191.254776	83.741656
1.850000	134.393299	298.539447	-164.146148	191.601731	73.818582
1.860000	134.393219	299.073804	-164.680585	191.944680	62.041843
1.870000	134.393146	299.475588	-165.082442	192.202543	48.705140
1.880000	134.393089	299.630582	-165.237493	192.302018	34.141137
1.890000	134.393052	299.448361	-165.055309	192.185069	18.713145
1.900000	134.393040	298.871768	-164.478728	191.815014	2.806050
1.910000	134.393431	298.022946	-163.629515	191.270242	0.000000
1.920000	134.393439	297.175602	-162.782163	190.726419	0.000000
1.930000	134.393449	296.351362	-161.957914	190.197425	0.000000
1.940000	134.393459	295.566865	-161.173405	189.693936	0.000000
1.950000	134.393470	294.839987	-160.446517	189.227429	0.000000
1.960000	134.393481	294.189009	-159.795528	188.809633	0.000000
1.970000	134.393490	293.631312	-159.237822	188.451704	0.000000
1.980000	134.393497	293.181672	-158.788176	188.163127	0.000000
1.990000	134.393499	292.850359	-158.456860	187.950491	0.000000
2.000000	134.393497	292.641418	-158.247921	187.816394	0.000000
2.010000	134.393490	292.551571	-158.158080	187.758730	0.000000
2.020000	134.393479	292.570033	-158.176554	187.770579	0.000000
2.030000	134.393465	292.679360	-158.285895	187.840744	0.000000
2.040000	134.393449	292.857102	-158.463654	187.954819	0.000000
2.050000	134.393432	293.077924	-158.684491	188.096541	0.000000
2.060000	134.393299	293.313894	-158.920594	188.247986	1.466126
2.070000	134.393296	293.368512	-158.975216	188.283040	14.860120
2.080000	134.393312	293.121751	-158.728439	188.124670	27.882198
2.090000	134.393343	292.598246	-158.204903	187.788686	40.207081
2.100000	134.393386	291.848231	-157.454845	187.307328	51.526910
2.110000	134.393435	290.940625	-156.547189	186.724829	61.558933
2.120000	134.393484	289.954297	-155.560813	186.091807	70.052572
2.130000	134.393526	288.968520	-154.574993	185.459138	76.795681
2.140000	134.392316	288.003698	-153.611382	184.839918	92.636772
2.150000	134.392387	286.344660	-151.952272	183.775153	131.984792
2.160000	134.392345	283.742859	-149.350514	182.105325	178.135453
2.170000	134.391858	280.226205	-145.834347	179.848346	226.669900
2.180000	134.392096	275.719360	-141.327265	176.955867	283.166105
2.190000	134.392384	270.459844	-136.067460	173.580325	332.587104
2.200000	134.392699	264.915296	-130.522597	170.021851	373.697893
2.210000	134.393012	259.594438	-125.201425	166.606940	405.470975
2.220000	134.393292	255.000856	-120.607564	163.658792	427.112025
2.230000	134.393504	251.581699	-117.188194	161.464387	438.079727
2.240000	134.393619	249.675086	-115.281467	160.240729	438.099299
2.250000	134.393619	249.464257	-115.070639	160.105420	427.169366
2.260000	134.393860	250.959319	-116.565459	161.064946	408.994541
2.270000	134.393629	254.172893	-119.779264	163.127409	390.605847
2.280000	134.393312	258.821253	-124.427942	166.110712	362.451046
2.290000	134.392944	264.400346	-130.007402	169.691357	325.232573
2.300000	134.392566	270.325504	-135.932938	173.494106	279.879502
2.310000	134.392213	275.992814	-141.600601	177.131369	227.524509
2.320000	134.391917	280.837001	-146.445085	180.240354	169.475805
2.330000	134.391702	284.382345	-149.990643	182.515745	107.184768
2.340000	134.392731	286.410511	-152.017780	183.817416	59.813849
2.350000	134.392579	287.482175	-153.089596	184.505206	38.481581
2.360000	134.392677	287.658048	-153.265371	184.618082	29.357332
2.370000	134.393096	287.085036	-152.691940	184.250324	27.517701
2.380000	134.393119	286.179143	-151.786024	183.668925	36.208187
2.390000	134.393144	285.088826	-150.695682	182.969162	43.963004
2.400000	134.393170	283.865691	-149.472521	182.184158	50.588919
2.410000	134.393204	282.567510	-148.174305	181.350989	55.921088
2.420000	134.393259	281.266746	-146.873487	180.516163	59.827250
2.430000	134.393346	280.066214	-145.672867	179.745665	62.211144
2.440000	134.393461	279.111991	-144.718530	179.133247	63.015054
2.450000	134.393565	278.581232	-144.187667	178.792608	62.221447
2.460000	134.393598	278.625569	-144.231972	178.821063	59.853657
2.470000	134.393524	279.287938	-144.894414	179.246169	55.975624
2.480000	134.393368	280.454865	-146.061497	179.995100	50.690682
2.490000	134.393198	281.891697	-147.498499	180.917254	44.139436
2.500000	134.393069	283.334723	-148.941654	181.843384	36.496747
2.510000	134.392998	284.571845	-150.178847	182.637366	27.967865
2.520000	134.392978	285.473938	-151.080960	183.216326	18.783708
2.530000	134.392990	285.986818	-151.593827	183.545491	9.195283
2.540000	134.392449	286.064230	-151.671781	183.595174	11.294165
2.550000	134.392526	285.133401	-150.740875	182.997770	54.481346
2.560000	134.392660	283.094280	-148.701620	181.689068	96.407546
2.570000	134.392841	280.149049	-145.756208	179.798828	136.031282
2.580000	134.393053	276.576325	-142.183272	177.505865	172.369430
2.590000	134.393278	272.706740	-138.313462	175.022376	204.522500
2.600000	134.393494	268.892036	-134.498542	172.574110	231.697881
2.610000	134.393678	265.470495	-131.076816	170.378176	253.230510
2.620000	134.393814	262.732957	-128.339143	168.621232	268.600414
2.630000	134.393888	260.894120	-126.500232	167.441072	277.446691
2.640000	134.393896	260.073009	-125.679113	166.914085	279.577489
2.650000	134.393698	260.223318	-125.829620	167.010553	283.739650
2.660000	134.393603	261.187233	-126.793630	167.629191	281.766623
2.670000	134.393478	262.816224	-128.422746	168.674672	273.082628
2.680000	134.393341	264.914154	-130.520813	170.021117	257.959283
2.690000	134.393106	267.233965	-132.840859	171.509965	242.916988
2.700000	134.392993	269.513441	-135.120448	172.972927	223.401794
2.710000	134.392900	271.569268	-137.176368	174.292350	198.816270
2.720000	134.392820	273.249950	-138.857130	175.371007	169.779302
2.730000	134.392751	274.428661	-140.035910	176.127500	136.992636
2.740000	134.392996	275.038302	-140.645306	176.518766	110.612811
2.750000	134.392942	275.436455	-141.043513	176.774300	99.849902
2.760000	134.393177	275.806245	-141.413067	177.011629	99.430696
2.770000	134.393130	276.234023	-141.840893	177.286176	97.528079
2.780000	134.393104	276.652283	-142.259179	177.554614	93.188652
2.790000	134.393101	277.021909	-142.628809	177.791839	86.523192
2.800000	134.393118	277.336149	-142.943031	177.993517	77.700807
2.810000	134.393145	277.616289	-143.223144	178.173310	66.944730
2.820000	134.393166	277.897184	-143.504018	178.353588	54.526749
2.830000	134.393164	278.203473	-143.810309	178.550163	40.760429
2.840000	134.393304	278.528071	-144.134767	178.758489	27.309264
2.850000	134.393250	278.908454	-144.515204	179.002618	21.273939
2.860000	134.393190	279.313196	-144.920006	179.262380	14.735073
2.870000	134.393142	279.648100	-145.254958	179.477321	7.860054
2.880000	134.393006	279.811015	-145.418009	179.581879	6.416539
2.890000	134.393071	279.568989	-145.175918	179.426547	19.152120
2.900000	134.393107	278.925938	-144.532831	179.013839	32.238144
2.910000	134.393052	277.886911	-143.493859	178.346995	52.262360
2.920000	134.393123	276.406303	-142.013180	177.396745	74.093455
2.930000	134.393195	274.591259	-140.198063	176.231855	94.072531
2.940000	134.393253	272.565722	-138.172469	174.931871	111.700820
2.950000	134.393279	270.439546	-136.046267	173.567298	126.538268
2.960000	134.393191	268.271160	-133.877968	172.175634	142.222531
2.970000	134.393118	265.994208	-131.601090	170.714293	158.568439
2.980000	134.392893	263.557128	-129.164235	169.150183	173.079271
2.990000	134.392903	260.842463	-126.449559	167.407918	190.670142
3.000000	134.393194	257.974878	-123.581684	165.567511	203.491125
3.010000	134.393791	255.535911	-121.142120	164.002189	211.222096
3.020000	134.394268	254.480815	-120.086546	163.325032	213.669969
3.030000	134.394083	255.510240	-121.116157	163.985714	210.773504
3.040000	134.393379	258.355959	-123.962580	165.812087	202.604815
3.050000	134.392770	261.968851	-127.576081	168.130831	189.367555
3.060000	134.392535	265.347380	-130.954844	170.299161	171.391813
3.070000	134.392568	267.989117	-133.596549	171.994620	149.125860
3.080000	134.393011	269.848907	-135.455897	173.188228	130.368365
3.090000	134.393143	271.253833	-136.860689	174.089905	114.793977
3.100000	134.393154	272.261958	-137.868804	174.736916	108.168061
3.110000	134.393329	272.954294	-138.560965	175.181256	108.583389
3.120000	134.393377	273.539386	-139.146010	175.556766	107.487123
3.130000	134.393029	274.042710	-139.649681	175.879798	109.747859
3.140000	134.392896	274.261612	-139.868716	176.020288	118.055649
3.150000	134.392916	274.090208	-139.697292	175.910282	130.577448
3.160000	134.393085	273.554563	-139.161477	175.566506	146.775280
3.170000	134.393134	272.779314	-138.386180	175.068954	160.630468
3.180000	134.393372	271.848293	-137.454921	174.471427	172.808886
3.190000	134.393425	270.953369	-136.559944	173.897068	187.883587
3.200000	134.393464	270.224285	-135.830820	173.429144	198.258033
3.210000	134.393488	269.729785	-135.336297	173.111775	203.673096
3.220000	134.393497	269.514728	-135.121231	172.973752	203.993538
3.230000	134.393500	269.603294	-135.209794	173.030594	199.211395
3.240000	134.393503	270.008551	-135.615048	173.290687	189.446173
3.250000	134.393505	270.740588	-136.347083	173.760505	174.941859
3.260000	134.393489	271.801654	-137.408165	174.441495	156.060831
3.270000	134.393433	273.162680	-138.769247	175.314997	133.274805
3.280000	134.393330	274.733262	-140.339932	176.322992	107.153050
3.290000	134.393420	276.353862	-141.960442	177.363088	79.864171
3.300000	134.393284	277.957472	-143.564188	178.392281	61.016569
3.310000	134.393171	279.419314	-145.026142	179.330486	40.637277
3.320000	134.393097	280.559176	-146.166079	180.062046	19.235460
3.330000	134.393199	281.304227	-146.911028	180.540218	5.341368
3.340000	134.393295	281.807495	-147.414200	180.863214	0.000000
3.350000	134.393266	282.126400	-147.733134	181.067886	0.000000
3.360000	134.393235	282.237290	-147.844055	181.139055	0.000000
3.370000	134.393206	282.095531	-147.702324	181.048074	0.000000
3.380000	134.393145	281.660955	-147.267810	180.769165	2.333691
3.390000	134.393149	280.888769	-146.495621	180.273578	7.275468
3.400000	134.393184	279.794959	-145.401774	179.571574	12.064127
3.410000	134.393256	278.451522	-144.058266	178.709361	16.602089
3.420000	134.393247	276.929188	-142.535941	177.732331	29.106436
3.430000	134.393345	275.335817	-140.942472	176.709710	41.491595
3.440000	134.393414	273.835498	-139.442084	175.746810	55.257874
3.450000	134.393363	272.537499	-138.144135	174.913758	68.615063
3.460000	134.393321	271.432807	-137.039486	174.204770	85.422954
3.470000	134.393263	270.449220	-136.055957	173.573507	100.420831
3.480000	134.393221	269.507422	-135.114202	172.969064	113.332516
3.490000	134.393213	268.550397	-134.157184	172.354848	123.944621
3.500000	134.393239	267.570351	-133.177112	171.725857	132.105785
3.510000	134.393293	266.612529	-132.219236	171.111130	137.720787
3.520000	134.393363	265.764833	-131.371470	170.567081	140.740470
3.530000	134.393436	265.140057	-130.746621	170.166102	141.150147
3.540000	134.393494	264.853114	-130.459620	169.981943	138.960229
3.550000	134.393520	264.994440	-130.600919	170.072645	134.202550
3.560000	134.393501	265.603152	-131.209651	170.463314	126.933698
3.570000	134.393435	266.648088	-132.254653	171.133951	117.243875
3.580000	134.393336	268.026590	-133.633254	172.018670	105.267793
3.590000	134.393226	269.584662	-135.191435	173.018636	91.193940
3.600000	134.393129	271.150906	-136.757778	174.023847	75.269803
3.610000	134.393160	272.584437	-138.191276	174.943882	61.902235
3.620000	134.393121	273.859979	-139.466857	175.762522	51.743308
3.630000	134.393116	274.929056	-140.535939	176.448652	40.502088
3.640000	134.393148	275.781213	-141.388065	176.995564	30.251386
3.650000	134.393245	276.468719	-142.075474	177.436803	24.266092
3.660000	134.393267	277.076077	-142.682810	177.826604	19.248310
3.670000	134.393255	277.632232	-143.238977	178.183543	13.797886
3.680000	134.393213	278.116736	-143.723522	178.494495	8.026056
3.690000	134.393166	278.466037	-144.072872	178.718676	2.057034
3.700000	134.393212	278.620372	-144.227160	178.817727	0.000000
3.710000	134.393226	278.581967	-144.188741	178.793080	0.000000
3.720000	134.393280	278.370996	-143.977715	178.657679	0.000000
3.730000	134.393360	278.061733	-143.668373	178.459195	0.000000
3.740000	134.393441	277.765354	-143.371912	178.268980	0.000000
3.750000	134.393500	277.595394	-143.201894	178.159900	0.000000
3.760000	134.393519	277.631487	-143.237968	178.183064	0.000000
3.770000	134.393497	277.895251	-143.501754	178.352347	0.000000
3.780000	134.393448	278.348113	-143.954665	178.642992	0.000000
3.790000	134.393391	278.909992	-144.516601	179.003605	0.000000
3.800000	134.393342	279.487414	-145.094072	179.374193	0.000000
3.810000	134.393309	279.997747	-145.604438	179.701723	0.000000
3.820000	134.393294	280.382475	-145.989181	179.948640	0.000000
3.830000	134.393293	280.609824	-146.216531	180.094552	0.000000
3.840000	134.393288	280.669951	-146.276663	180.133141	0.989251
3.850000	134.393301	280.559316	-146.166015	180.062136	4.022552
3.860000	134.393316	280.292171	-145.898856	179.890684	6.948334
3.870000	134.393330	279.891418	-145.498088	179.633481	9.693493
3.880000	134.393342	279.381374	-144.988032	179.306136	12.189436
3.890000	134.393353	278.786199	-144.392845	178.924155	14.373797
3.900000	134.393365	278.130207	-143.736841	178.503141	16.191990
3.910000	134.393378	277.439029	-143.045650	178.059545	17.598577
3.920000	134.393392	276.740292	-142.346900	177.611098	18.558397
3.930000	134.393408	276.063255	-141.669847	177.176578	19.047447
3.940000	134.393424	275.438058	-141.044635	176.775328	19.053478
3.950000	134.393441	274.895555	-140.502114	176.427151	18.576300
3.960000	134.393459	274.467252	-140.073792	176.152267	17.627789
3.970000	134.393473	274.183159	-139.789686	175.969938	16.231586
3.980000	134.393477	274.065615	-139.672138	175.894498	14.422511
3.990000	134.393464	274.120025	-139.726561	175.929418	12.245687
4.000000	134.393433	274.326851	-139.933419	176.062159	9.755420
4.010000	134.393389	274.640122	-140.246733	176.263215	7.013836
4.020000	134.393343	274.995373	-140.602030	176.491214	4.089337
4.030000	134.393309	275.325881	-140.932572	176.703333	1.054887
4.040000	134.393317	275.585892	-141.192575	176.870208	0.000000
4.050000	134.393336	275.772062	-141.378725	176.989691	0.000000
4.060000	134.393381	275.913020	-141.519640	177.080157	0.000000
4.070000	134.393435	276.071808	-141.678372	177.182067	0.000000
4.080000	134.393344	276.301134	-141.907790	177.329248	5.423814
4.090000	134.393112	276.562933	-142.169821	177.497269	18.648554
4.100000	134.393102	276.722584	-142.329483	177.599733	41.073510
4.110000	134.393110	276.752931	-142.359822	177.619210	62.661038
4.120000	134.393123	276.664237	-142.271115	177.562286	82.620532
4.130000	134.393147	276.474491	-142.081345	177.440508	100.454026
4.140000	134.393178	276.217151	-141.823973	177.275348	115.716896
4.150000	134.393208	275.937362	-141.544154	177.095780	128.028778
4.160000	134.393226	275.679429	-141.286203	176.930239	137.082920
4.170000	134.393223	275.471625	-141.078403	176.796871	142.653731
4.180000	134.393192	275.313586	-140.920393	176.695442	144.602333
4.190000	134.393135	275.169410	-140.776275	176.602910	142.879980
4.200000	134.393056	274.968271	-140.575215	176.473820	137.529248
4.210000	134.392970	274.614389	-140.221419	176.246700	128.682962
4.220000	134.392902	274.009299	-139.616397	175.858355	116.560902
4.230000	134.392887	273.089520	-138.696633	175.268043	101.464362
4.240000	134.392964	271.877919	-137.484955	174.490441	83.768705
4.250000	134.393140	270.531641	-136.138501	173.626404	63.914114
4.260000	134.393362	269.345427	-134.952065	172.865096	42.394766
4.270000	134.393509	268.662577	-134.269067	172.426844	19.746722
4.280000	134.393781	268.736508	-134.342727	172.474293	3.644913
4.290000	134.393566	269.699320	-135.305754	173.092223	0.009629
4.300000	134.393288	271.333224	-136.939936	174.140858	0.000000
4.310000	134.393068	273.210697	-138.817629	175.345814	0.000000
4.320000	134.392956	274.962831	-140.569875	176.470329	0.000000
4.330000	134.392934	276.371690	-141.978755	177.374530	0.000000
4.340000	134.392961	277.354464	-142.961503	178.005272	0.000000
4.350000	134.393002	277.910235	-143.517233	178.361964	0.000000
4.360000	134.393042	278.073283	-143.680242	178.466608	0.000000
4.370000	134.393074	277.886262	-143.493188	178.346578	0.000000
4.380000	134.393101	277.390292	-142.997191	178.028266	0.000000
4.390000	134.393127	276.625676	-142.232549	177.537538	0.000000
4.400000	134.393161	275.638398	-141.245237	176.903905	0.000000
4.410000	134.393209	274.489291	-140.096082	176.166412	0.000000
4.420000	134.393276	273.262994	-138.869718	175.379379	0.000000
4.430000	134.393360	272.072764	-137.679404	174.615492	0.000000
4.440000	134.393451	271.056007	-136.662557	173.962941	0.000000
4.450000	134.393527	270.356239	-135.962713	173.513832	0.000000
4.460000	134.393565	270.092138	-135.698573	173.344332	0.000000
4.470000	134.393549	270.323195	-135.929646	173.492624	0.000000
4.480000	134.393485	271.028457	-136.634973	173.945259	0.000000
4.490000	134.393392	272.111810	-137.718418	174.640552	0.000000
4.500000	134.393278	273.417365	-139.024087	175.478453	4.364237
4.510000	134.393207	274.783333	-140.390126	176.355127	8.819889
4.520000	134.393166	276.092838	-141.699672	177.195564	13.188277
4.530000	134.393150	277.270769	-142.877618	177.951556	17.363569
4.540000	134.393150	278.278926	-143.885776	178.598589	21.243648
4.550000	134.393155	279.103123	-144.709968	179.127556	24.732803
4.560000	134.393162	279.740752	-145.347590	179.536784	27.744279
4.570000	134.393168	280.184984	-145.791816	179.821891	33.511707
4.580000	134.393179	280.433745	-146.040566	179.981545	38.555753
4.590000	134.393196	280.501613	-146.108417	180.025103	42.744570
4.600000	134.393219	280.413490	-146.020270	179.968545	45.973338
4.610000	134.393246	280.204910	-145.811664	179.834680	48.160945
4.620000	134.393273	279.918728	-145.525455	179.651009	49.252035
4.630000	134.393294	279.598716	-145.205421	179.445626	49.218362
4.640000	134.393308	279.282532	-144.889223	179.242700	48.059450
4.650000	134.393317	278.997871	-144.604554	179.060005	45.802516
4.660000	134.393328	278.765219	-144.371892	178.910690	42.501702
4.670000	134.393347	278.606943	-144.213596	178.809109	38.236618
4.680000	134.393374	278.555896	-144.162521	178.776347	33.110256
4.690000	134.393393	278.652138	-144.258744	178.838115	27.246348
4.700000	134.393383	278.921499	-144.528117	179.010990	20.786232
4.710000	134.393331	279.346065	-144.952734	179.283475	13.885323
4.720000	134.393261	279.860221	-145.466960	179.613459	10.289224
4.730000	134.393173	280.366135	-145.972962	179.938153	7.376384
4.740000	134.393107	280.738280	-146.345173	180.176995	4.262181
4.750000	134.393076	280.881743	-146.488668	180.269069	1.024975
4.760000	134.393090	280.757445	-146.364355	180.189295	0.000000
4.770000	134.393129	280.390773	-145.997644	179.953966	0.000000
4.780000	134.393197	279.848086	-145.454889	179.605671	0.000000
4.790000	134.393116	279.235548	-144.842431	179.212546	2.443190
4.800000	134.393217	278.599649	-144.206433	178.804428	11.743459
4.810000	134.393300	278.058082	-143.664782	178.456852	20.705656
4.820000	134.393340	277.740713	-143.347372	178.253165	29.105684
4.830000	134.393331	277.713385	-143.320054	178.235626	36.733628
4.840000	134.393285	277.966833	-143.573547	178.398288	43.398947
4.850000	134.393229	278.436170	-144.042941	178.699507	48.935188
4.860000	134.393180	279.035547	-144.642367	179.084186	53.204103
4.870000	134.393150	279.688050	-145.294899	179.502960	56.099079
4.880000	134.393138	280.340737	-145.947599	179.921853	57.547784
4.890000	134.393138	280.965731	-146.572593	180.322972	57.513982
4.900000	134.393142	281.553112	-147.159970	180.699952	55.998465
4.910000	134.393145	282.101142	-147.707997	181.051676	53.039089
4.920000	134.393141	282.606967	-148.213826	181.376312	48.709912
4.930000	134.393123	283.058508	-148.665384	181.666110	43.119471
4.940000	134.393088	283.427178	-149.034090	181.902721	36.408241
4.950000	134.392935	283.661926	-149.268990	182.053382	28.864124
4.960000	134.392566	283.578718	-149.186152	181.999979	33.775837
4.970000	134.392508	282.837190	-148.444682	181.524069	48.396612
4.980000	134.392497	281.291316	-146.898819	180.531932	62.026615
4.990000	134.392680	279.002082	-144.609403	179.062708	81.626177
5.000000	134.392829	276.196349	-141.803520	177.261997	101.550428
5.010000	134.393061	273.142761	-138.749700	175.302213	119.224013
5.020000	134.393328	270.222782	-135.829454	173.428179	134.201223
5.030000	134.393553	267.859944	-133.466390	171.911717	146.097339
5.040000	134.393672	266.406541	-132.012869	170.978927	154.600377
5.050000	134.393664	266.048136	-131.654472	170.748904	159.481005
5.060000	134.393553	266.771594	-132.378040	171.213217	160.600125
5.070000	134.393392	268.400652	-134.007260	172.258742	157.913770
5.080000	134.393233	270.672210	-136.278977	173.716621	151.475253
5.090000	134.393104	273.314283	-138.921179	175.412296	141.434580
5.100000	134.393009	276.093179	-141.700170	177.195783	128.035329
5.110000	134.392933	278.822550	-144.429617	178.947485	111.609226
5.120000	134.392707	281.349776	-146.957069	180.569451	93.111333
5.130000	134.392648	283.469000	-149.076352	181.929563	80.987817
5.140000	134.392604	285.009370	-150.616766	182.918167	67.044274
5.150000	134.392783	285.892643	-151.499859	183.485049	53.644441
5.160000	134.392781	286.210939	-151.818159	183.689331	48.598287
5.170000	134.392801	286.033291	-151.640489	183.575317	42.680694
5.180000	134.392950	285.494964	-151.102014	183.229820	47.083128
5.190000	134.392980	284.794534	-150.401554	182.780287	51.715760
5.200000	134.393027	283.994828	-149.601801	182.267038	55.060051
5.210000	134.393092	283.182895	-148.789802	181.745941	57.032471
5.220000	134.393168	282.472139	-148.078971	181.289780	57.583760
5.230000	134.393232	281.988197	-147.594965	180.979188	56.700160
5.240000	134.393138	281.810875	-147.417737	180.865383	59.901491
5.250000	134.393102	281.890103	-147.497001	180.916231	64.919125
5.260000	134.393008	282.169417	-147.776409	181.095494	68.334250
5.270000	134.392881	282.516751	-148.123871	181.318412	70.061504
5.280000	134.392754	282.752499	-148.359744	181.469714	70.057694
5.290000	134.392658	282.700814	-148.308156	181.436543	68.322875
5.300000	134.392614	282.235505	-147.842891	181.137909	64.900349
5.310000	134.392642	281.315999	-146.923357	180.547773	59.875588
5.320000	134.392885	280.017768	-145.624883	179.714573	54.936381
5.330000	134.393051	278.621424	-144.228373	178.818403	56.146234
5.340000	134.393204	277.445360	-143.052156	178.063608	55.968741
5.350000	134.393266	276.735460	-142.342194	177.607997	54.408330
5.360000	134.393212	276.599306	-142.206094	177.520613	51.503982
5.370000	134.393080	276.966363	-142.573283	177.756190	47.328263
5.380000	134.392924	277.638297	-143.245373	178.187435	41.985506
5.390000	134.392780	278.368336	-143.975556	178.655972	35.609208
5.400000	134.392676	278.921602	-144.528926	179.011056	28.358690
5.410000	134.392634	279.120032	-144.727398	179.138408	20.415120
5.420000	134.392667	278.879888	-144.487221	178.984284	11.976984
5.430000	134.392764	278.229564	-143.836800	178.566908	3.255125
5.440000	134.393026	277.320603	-142.927577	177.983540	0.000000
5.450000	134.393149	276.424014	-142.030865	177.408112	0.000000
5.460000	134.393229	275.720700	-141.327472	176.956727	0.000000
5.470000	134.393246	275.323586	-140.930339	176.701860	0.000000
5.480000	134.393203	275.257043	-140.863840	176.659153	0.000000
5.490000	134.393116	275.457606	-141.064490	176.787874	0.000000
5.500000	134.393015	275.801087	-141.408073	177.008319	0.000000
5.510000	134.392819	276.106191	-141.713372	177.204134	6.628827
5.520000	134.392759	276.187467	-141.794708	177.256296	14.114619
5.530000	134.392742	275.966624	-141.573882	177.114560	21.252550
5.540000	134.392776	275.436953	-141.044176	176.774619	27.864278
5.550000	134.392856	274.672080	-140.279224	176.283726	33.784606
5.560000	134.392950	273.814293	-139.421343	175.733201	38.865613
5.570000	134.393013	273.029597	-138.636583	175.229585	42.980346
5.580000	134.393021	272.442598	-138.049577	174.852851	46.025993
5.590000	134.393001	272.101336	-137.708335	174.633830	47.926455
5.600000	134.393011	272.013295	-137.620284	174.577325	48.634240
5.610000	134.393050	272.211360	-137.818310	174.704443	48.131660
5.620000	134.393041	272.745835	-138.352794	175.047467	46.431265
5.630000	134.392920	273.578461	-139.185542	175.581844	43.575531
5.640000	134.392736	274.506244	-140.113508	176.177293	39.635804
5.650000	134.392607	275.236200	-140.843593	176.645776	34.710514
5.660000	134.392607	275.553869	-141.161262	176.849655	28.922716
5.670000	134.392717	275.434717	-141.042000	176.773184	22.417017
5.680000	134.392856	275.024495	-140.631639	176.509904	15.355964
5.690000	134.392704	274.436363	-140.043658	176.132443	18.511061
5.700000	134.392707	273.695881	-139.303174	175.657204	22.891804
5.710000	134.392782	272.864670	-138.471887	175.123735	34.053509
5.720000	134.392778	271.956834	-137.564056	174.541089	44.643433
5.730000	134.392839	270.972428	-136.579588	173.909300	54.114275
5.740000	134.392950	269.998793	-135.605843	173.284424	62.229634
5.750000	134.393058	269.188586	-134.795527	172.764435	68.786949
5.760000	134.393116	268.689580	-134.296464	172.444175	73.622561
5.770000	134.393102	268.574578	-134.181476	172.370367	76.615802
5.780000	134.393022	268.810704	-134.417682	172.521912	78.517663
5.790000	134.392933	269.275553	-134.882620	172.820251	79.940010
5.800000	134.392862	269.820952	-135.428090	173.170286	79.367697
5.810000	134.392829	270.323839	-135.931009	173.493037	76.815089
5.820000	134.392833	270.714577	-136.321744	173.743812	72.346011
5.830000	134.392854	270.976519	-136.583666	173.911926	66.072153
5.840000	134.392867	271.120732	-136.727865	174.004481	58.150285
5.850000	134.392855	271.150891	-136.758035	174.023837	48.778340
5.860000	134.392817	271.038053	-136.645236	173.951418	38.190474
5.870000	134.392768	270.719694	-136.326926	173.747096	26.651218
5.880000	134.392887	270.122832	-135.729946	173.364032	14.783896
5.890000	134.392878	269.294112	-134.901234	172.832161	14.478480
5.900000	134.392899	268.313609	-133.920711	172.202878	13.816583
5.910000	134.392947	267.217006	-132.824059	171.499082	12.814739
5.920000	134.393007	266.080038	-131.687031	170.769379	11.497975
5.930000	134.393055	264.994616	-130.601561	170.072758	9.899186
5.940000	134.393075	264.035841	-129.642766	169.457419	8.058310
5.950000	134.393069	263.238551	-128.845482	168.945721	6.021336
5.960000	134.393057	262.599710	-128.206652	168.535714	3.839149
5.970000	134.393063	262.105539	-127.712477	168.218557	1.566263
5.980000	134.393104	261.764807	-127.371702	167.999876	0.000000
5.990000	134.393160	261.630161	-127.237002	167.913461	0.000000
6.000000	134.393209	261.775423	-127.382213	168.006689	0.000000
6.010000	134.393223	262.259961	-127.866738	168.317664	0.000000
6.020000	134.393185	263.087364	-128.694179	168.848689	0.000000
6.030000	134.393106	264.184034	-129.790928	169.552529	0.000000
6.040000	134.393018	265.415574	-131.022556	170.342928	0.000000
6.050000	134.392949	266.630037	-132.237087	171.122366	0.000000
6.060000	134.392913	267.700511	-133.307598	171.809394	0.000000
6.070000	134.392908	268.547138	-134.154230	172.352756	0.000000
6.080000	134.392924	269.137141	-134.744217	172.731418	0.000000
6.090000	134.392951	269.472692	-135.079741	172.946774	0.000000
6.100000	134.392982	269.576523	-135.183541	173.013412	0.000000
6.110000	134.393011	269.480560	-135.087549	172.951823	0.000000
6.120000	134.393037	269.218757	-134.825719	172.783799	0.000000
6.130000	134.393060	268.823381	-134.430322	172.530048	0.000000
6.140000	134.393078	268.323544	-133.930466	172.209254	0.000000
6.150000	134.393093	267.744981	-133.351887	171.837934	0.000000
6.160000	134.393106	267.110353	-132.717248	171.430632	0.000000
6.170000	134.393115	266.439573	-132.046457	171.000127	0.000000
6.180000	134.393122	265.749765	-131.356643	170.557411	0.000000
6.190000	134.393125	265.054700	-130.661575	170.111320	0.000000
6.200000	134.393124	264.363743	-129.970619	169.667865	0.000000
6.210000	134.393118	263.680759	-129.287641	169.229528	0.000000
6.220000	134.393108	263.003616	-128.610508	168.794940	0.000000
6.230000	134.393068	262.315825	-127.922757	168.353518	3.373725
6.240000	134.393058	261.591704	-127.198647	167.888779	7.321610
6.250000	134.393048	260.822213	-126.429165	167.394922	12.949555
6.260000	134.393044	260.003133	-125.610089	166.869239	18.409735
6.270000	134.393042	259.140500	-124.747458	166.315604	23.371763
6.280000	134.393040	258.244183	-123.851143	165.740350	27.711200
6.290000	134.393039	257.325385	-122.932346	165.150668	31.319304
6.300000	134.393048	256.399487	-122.006439	164.556430	34.105709
6.310000	134.393080	255.498121	-121.105040	163.977936	36.000663
6.320000	134.393142	254.685737	-120.292595	163.456550	36.956741
6.330000	134.393216	254.064031	-119.670815	163.057541	36.950013
6.340000	134.393266	253.745795	-119.352529	162.853298	35.980622
6.350000	134.393256	253.800694	-119.407437	162.888532	34.072770
6.360000	134.393187	254.207616	-119.814429	163.149693	31.274106
6.370000	134.393076	254.853183	-120.460107	163.564017	28.037766
6.380000	134.392993	255.572332	-121.179339	164.025564	26.279772
6.390000	134.392945	256.216737	-121.823793	164.439142	23.843333
6.400000	134.392932	256.691282	-122.298350	164.743703	20.789253
6.410000	134.392945	256.954419	-122.561474	164.912583	17.193760
6.420000	134.392994	257.012155	-122.619161	164.949638	16.118912
6.430000	134.393023	256.906103	-122.513080	164.881574	15.790623
6.440000	134.393056	256.669772	-122.276716	164.729898	15.257904
6.450000	134.393080	256.341388	-121.948308	164.519142	16.278403
6.460000	134.393100	255.956148	-121.563049	164.271896	16.909854
6.470000	134.393115	255.542654	-121.149538	164.006517	17.136471
6.480000	134.393126	255.124900	-120.731773	163.738403	16.952584
6.490000	134.393131	254.720727	-120.327596	163.479006	16.362779
6.500000	134.393127	254.339329	-119.946202	163.234226	15.381788
6.510000	134.393112	253.978242	-119.585130	163.002482	14.034118
6.520000	134.393087	253.620913	-119.227826	162.773149	12.353437
6.530000	134.393052	253.236290	-118.843237	162.526299	10.381734
6.540000	134.393014	252.781989	-118.388976	162.234730	8.168273
6.550000	134.392980	252.212480	-117.819500	161.869221	5.768356
6.560000	134.392965	251.493446	-117.100480	161.407747	3.241945
6.570000	134.392986	250.622201	-116.229215	160.848585	0.652161
6.580000	134.393066	249.652913	-115.259848	160.226499	0.000000
6.590000	134.393168	248.709206	-114.316038	159.620830	0.000000
6.600000	134.393270	247.954916	-113.561647	159.136729	0.000000
6.610000	134.393320	247.545035	-113.151715	158.873669	0.000000
6.620000	134.393293	247.554276	-113.160983	158.879600	0.000000
6.630000	134.393205	247.938810	-113.545605	159.126392	0.000000
6.640000	134.393103	248.561720	-114.168616	159.526174	0.000000
6.650000	134.393026	249.258664	-114.865638	159.973471	0.000000
6.660000	134.392984	249.894469	-115.501485	160.381528	0.000000
6.670000	134.392970	250.384515	-115.991545	160.696038	0.000000
6.680000	134.392970	250.687735	-116.294765	160.890644	0.000000
6.690000	134.392974	250.789514	-116.396539	160.955965	0.000000
6.700000	134.392977	250.687010	-116.294032	160.890179	0.000000
6.710000	134.392978	250.381070	-115.988092	160.693828	0.000000
6.720000	134.392979	249.874541	-115.481562	160.368739	0.000000
6.730000	134.392985	249.175735	-114.782750	159.920247	0.000000
6.740000	134.393004	248.305698	-113.912694	159.361860	0.000000
6.750000	134.392948	247.267434	-112.874486	158.695505	7.005117
6.760000	134.392915	246.068372	-111.675458	157.925951	19.202790
6.770000	134.392979	244.756910	-110.363931	157.084258	32.732991
6.780000	134.393023	243.441904	-109.048881	156.240291	45.395344
6.790000	134.393028	242.206634	-107.813606	155.447499	56.874671
6.800000	134.392995	241.077747	-106.684752	154.722982	66.885254
6.810000	134.392949	240.027708	-105.634759	154.049071	75.177969
6.820000	134.392923	239.010133	-104.617209	153.395994	81.546499
6.830000	134.392945	238.008575	-103.615630	152.753197	85.832487
6.840000	134.393023	237.074999	-102.681976	152.154030	87.929490
6.850000	134.393144	236.342535	-101.949390	151.683937	87.785638
6.860000	134.393264	236.001191	-101.607927	151.464864	85.404930
6.870000	134.393315	236.228268	-101.834953	151.610601	80.847137
6.880000	134.393255	237.092261	-102.699006	152.165109	74.226311
6.890000	134.393106	238.492607	-104.099501	153.063847	65.707945
6.900000	134.392940	240.191286	-105.798346	154.154054	55.504839
6.910000	134.392820	241.914619	-107.521800	155.260085	43.871796
6.920000	134.392765	243.446984	-109.054219	156.243552	31.099265
6.930000	134.392764	244.666941	-110.274177	157.026516	17.506091
6.940000	134.392827	245.544863	-111.152036	157.589964	7.000448
6.950000	134.392865	246.155236	-111.762370	157.981700	0.000000
6.960000	134.392899	246.580524	-112.187625	158.254648	0.000000
6.970000	134.392924	246.892743	-112.499819	158.455029	0.000000
6.980000	134.392940	247.115854	-112.722914	158.598222	0.000000
6.990000	134.392951	247.265326	-112.872375	158.694152	0.000000
