0.005000	7504.976169
0.010000	7504.449180
0.015000	7503.644470
0.020000	7502.432765
0.025000	7500.589197
0.030000	7497.907855
0.035000	7494.787890
0.040000	7492.345237
0.045000	7490.246003
0.050000	7491.373109
0.055000	7494.022321
0.060000	7502.458448
0.065000	7492.989698
0.070000	7486.229904
0.075000	7478.432888
0.080000	7491.979778
0.085000	7485.717354
0.090000	7484.642240
0.095000	7495.753815
0.100000	7507.281466
0.105000	7484.687911
0.110000	7474.624463
0.115000	7489.072661
0.120000	7495.931363
0.125000	7488.088887
0.130000	7490.309585
0.135000	7500.406805
0.140000	7502.773487
0.145000	7497.390683
0.150000	7494.357461
0.155000	7494.266641
0.160000	7495.412157
0.165000	7498.443092
0.170000	7501.157324
0.175000	7501.589416
0.180000	7500.147868
0.185000	7499.498447
0.190000	7499.768380
0.195000	7499.965903
0.200000	7499.871659
0.205000	7499.845360
0.210000	7499.923933
0.215000	7500.123043
0.220000	7500.015444
0.225000	7499.660060
0.230000	7499.602926
0.235000	7500.073392
0.240000	7500.708456
0.245000	7500.793441
0.250000	7500.494125
0.255000	7500.602610
0.260000	7501.224611
0.265000	7501.770353
0.270000	7501.615905
0.275000	7500.951768
0.280000	7500.207435
0.285000	7499.378869
0.290000	7499.388923
0.295000	7501.951417
0.300000	7502.921265
0.305000	7500.040214
0.310000	7499.310429
0.315000	7499.711680
0.320000	7500.215457
0.325000	7500.828457
0.330000	7501.514901
0.335000	7501.660307
0.340000	7501.329624
0.345000	7501.071252
0.350000	7500.911813
0.355000	7500.732479
0.360000	7500.465623
0.365000	7500.145025
0.370000	7500.169892
0.375000	7501.237688
0.380000	7502.567661
0.385000	7501.897230
0.390000	7500.429778
0.395000	7500.113460
0.400000	7500.228506
0.405000	7500.239042
0.410000	7499.608470
0.415000	7497.705063
0.420000	7496.217628
0.425000	7502.744513
0.430000	7501.661659
0.435000	7497.994689
0.440000	7499.293313
0.445000	7498.318660
0.450000	7498.918470
0.455000	7499.414979
0.460000	7499.568649
0.465000	7499.914502
0.470000	7500.036655
0.475000	7499.329483
0.480000	7498.424730
0.485000	7498.680370
0.490000	7497.994645
0.495000	7495.220006
0.500000	7502.011598
0.505000	7505.655464
0.510000	7493.202816
0.515000	7491.421191
0.520000	7494.774271
0.525000	7502.966353
0.530000	7503.603014
0.535000	7495.403205
0.540000	7492.791754
0.545000	7491.285483
0.550000	7489.909780
0.555000	7499.665040
0.560000	7497.224311
0.565000	7499.150846
0.570000	7492.812127
0.575000	7493.272686
0.580000	7496.305418
0.585000	7498.753432
0.590000	7492.076211
0.595000	7490.882254
0.600000	7501.454272
0.605000	7498.327021
0.610000	7494.699310
0.615000	7496.623769
0.620000	7499.442832
0.625000	7500.398017
0.630000	7499.748628
0.635000	7496.852555
0.640000	7494.824109
0.645000	7495.042789
0.650000	7495.634388
0.655000	7498.652595
0.660000	7502.919413
0.665000	7500.201393
0.670000	7497.776651
0.675000	7496.699631
0.680000	7496.447866
0.685000	7498.367042
0.690000	7498.290444
0.695000	7497.246279
0.700000	7496.862600
0.705000	7496.656507
0.710000	7500.282075
0.715000	7502.497438
0.720000	7497.363962
0.725000	7496.355982
0.730000	7497.697838
0.735000	7498.262645
0.740000	7498.160092
0.745000	7499.491284
0.750000	7502.092667
0.755000	7501.711246
0.760000	7499.559322
0.765000	7497.147196
0.770000	7498.492982
0.775000	7502.198029
0.780000	7497.142030
0.785000	7496.337881
0.790000	7498.019496
0.795000	7498.351460
0.800000	7497.967902
0.805000	7497.888535
0.810000	7497.971179
0.815000	7498.144036
0.820000	7497.671184
0.825000	7495.611196
0.830000	7497.225354
0.835000	7507.314587
0.840000	7499.246865
0.845000	7495.187277
0.850000	7495.691403
0.855000	7497.421108
0.860000	7497.005229
0.865000	7496.473232
0.870000	7496.127303
0.875000	7496.142581
0.880000	7502.246434
0.885000	7502.653222
0.890000	7495.294710
0.895000	7495.459723
0.900000	7495.864209
0.905000	7495.649573
0.910000	7496.653818
0.915000	7498.305574
0.920000	7499.731289
0.925000	7502.243927
0.930000	7499.511351
0.935000	7495.281069
0.940000	7496.464416
0.945000	7497.362213
0.950000	7497.083750
0.955000	7497.964594
0.960000	7500.204369
0.965000	7503.243029
0.970000	7499.434626
0.975000	7493.038308
0.980000	7491.723281
0.985000	7492.330018
0.990000	7499.368281
0.995000	7508.178510
