0.310000	1328.405031
0.311000	1208.923717
0.312000	1095.650490
0.313000	988.283342
0.314000	886.535175
0.315000	790.133042
0.316000	698.817416
0.317000	612.341510
0.318000	530.470627
0.319000	452.981544
0.320000	379.661933
0.321000	310.309808
0.322000	244.733006
0.323000	182.748690
0.324000	124.182884
0.325000	68.870028
0.326000	16.652555
0.327000	-32.619502
0.328000	-79.088892
0.329000	-122.891504
0.330000	-164.156704
0.331000	-203.007658
0.332000	-239.561639
0.333000	-273.930317
0.334000	-306.220032
0.335000	-336.532054
0.336000	-364.962834
0.337000	-391.604239
0.338000	-416.543771
0.339000	-439.864782
0.340000	-461.646675
0.341000	-481.965094
0.342000	-500.892108
0.343000	-518.496378
0.344000	-534.843325
0.345000	-549.995288
0.346000	-564.011662
0.347000	-576.949051
0.348000	-588.861391
0.349000	-599.800083
0.350000	-609.814113
0.351000	-618.950163
0.352000	-627.252724
0.353000	-634.764200
0.354000	-641.525001
0.355000	-647.573646
0.356000	-652.946843
0.357000	-657.679580
0.358000	-661.805205
0.359000	-665.355501
0.360000	-668.360759
0.361000	-670.849851
0.362000	-672.850293
0.363000	-674.388310
0.364000	-675.488894
0.365000	-676.175865
0.366000	-676.471921
0.367000	-676.398695
0.368000	-675.976799
0.369000	-675.225875
0.370000	-674.164639
0.371000	-672.810923
0.372000	-671.181716
0.373000	-669.293204
0.374000	-667.160805
0.375000	-664.799206
0.376000	-662.222396
0.377000	-659.443698
0.378000	-656.475799
0.379000	-653.330781
0.380000	-650.020146
0.381000	-646.554845
0.382000	-642.945301
0.383000	-639.201436
0.384000	-635.332692
0.385000	-631.348052
0.386000	-627.256063
0.387000	-623.064855
0.388000	-618.782161
0.389000	-614.415332
0.390000	-609.971360
0.391000	-605.456886
0.392000	-600.878227
0.393000	-596.241381
0.394000	-591.552045
0.395000	-586.815632
0.396000	-582.037279
0.397000	-577.221862
0.398000	-572.374008
0.399000	-567.498105
0.400000	-562.598315
0.401000	-557.678582
0.402000	-552.742645
0.403000	-547.794044
0.404000	-542.836131
0.405000	-537.872078
0.406000	-532.904886
0.407000	-527.937393
0.408000	-522.972281
0.409000	-518.012080
0.410000	-513.059182
0.411000	-508.115842
0.412000	-503.184184
0.413000	-498.266213
0.414000	-493.363812
0.415000	-488.478754
0.416000	-483.612707
0.417000	-478.767232
0.418000	-473.943799
0.419000	-469.143781
0.420000	-464.368466
0.421000	-459.619054
0.422000	-454.896669
0.423000	-450.202356
0.424000	-445.537089
0.425000	-440.901772
0.426000	-436.297243
0.427000	-431.724277
0.428000	-427.183591
0.429000	-422.675843
0.430000	-418.201637
0.431000	-413.761529
0.432000	-409.356021
0.433000	-404.985572
0.434000	-400.650595
0.435000	-396.351462
0.436000	-392.088505
0.437000	-387.862018
0.438000	-383.672258
0.439000	-379.519448
0.440000	-375.403781
0.441000	-371.325416
0.442000	-367.284484
0.443000	-363.281090
0.444000	-359.315309
0.445000	-355.387194
0.446000	-351.496775
0.447000	-347.644059
0.448000	-343.829029
0.449000	-340.051654
0.450000	-336.311879
0.451000	-332.609633
0.452000	-328.944830
0.453000	-325.317367
0.454000	-321.727124
0.455000	-318.173971
0.456000	-314.657762
0.457000	-311.178340
0.458000	-307.735535
0.459000	-304.329168
0.460000	-300.959049
0.461000	-297.624978
0.462000	-294.326747
0.463000	-291.064139
0.464000	-287.836930
0.465000	-284.644888
0.466000	-281.487774
0.467000	-278.365345
0.468000	-275.277351
0.469000	-272.223536
0.470000	-269.203639
0.471000	-266.217398
0.472000	-263.264542
0.473000	-260.344800
0.474000	-257.457896
0.475000	-254.603552
0.476000	-251.781486
0.477000	-248.991416
0.478000	-246.233055
0.479000	-243.506117
0.480000	-240.810312
0.481000	-238.145351
0.482000	-235.510941
0.483000	-232.906792
0.484000	-230.332609
0.485000	-227.788101
0.486000	-225.272974
0.487000	-222.786933
0.488000	-220.329687
0.489000	-217.900941
0.490000	-215.500404
0.491000	-213.127782
0.492000	-210.782784
0.493000	-208.465120
0.494000	-206.174500
0.495000	-203.910635
0.496000	-201.673238
0.497000	-199.462021
0.498000	-197.276701
0.499000	-195.116993
0.500000	-192.982616
0.501000	-190.873288
0.502000	-188.788731
0.503000	-186.728668
0.504000	-184.692823
0.505000	-182.680923
0.506000	-180.692695
0.507000	-178.727871
0.508000	-176.786182
0.509000	-174.867363
0.510000	-172.971150
0.511000	-171.097281
0.512000	-169.245497
0.513000	-167.415540
0.514000	-165.607156
0.515000	-163.820091
0.516000	-162.054095
0.517000	-160.308919
0.518000	-158.584317
0.519000	-156.880045
0.520000	-155.195862
0.521000	-153.531528
0.522000	-151.886806
0.523000	-150.261462
0.524000	-148.655263
0.525000	-147.067979
0.526000	-145.499383
0.527000	-143.949249
0.528000	-142.417353
0.529000	-140.903477
0.530000	-139.407400
0.531000	-137.928907
0.532000	-136.467784
0.533000	-135.023820
0.534000	-133.596805
0.535000	-132.186534
0.536000	-130.792800
0.537000	-129.415402
0.538000	-128.054141
0.539000	-126.708817
0.540000	-125.379236
0.541000	-124.065204
0.542000	-122.766530
0.543000	-121.483025
0.544000	-120.214503
0.545000	-118.960779
0.546000	-117.721670
0.547000	-116.496997
0.548000	-115.286581
0.549000	-114.090247
0.550000	-112.907820
0.551000	-111.739128
0.552000	-110.584002
0.553000	-109.442274
0.554000	-108.313778
0.555000	-107.198351
0.556000	-106.095830
0.557000	-105.006057
0.558000	-103.928873
0.559000	-102.864122
0.560000	-101.811650
0.561000	-100.771306
0.562000	-99.742939
0.563000	-98.726401
0.564000	-97.721545
0.565000	-96.728226
0.566000	-95.746302
0.567000	-94.775632
0.568000	-93.816076
0.569000	-92.867497
0.570000	-91.929759
0.571000	-91.002727
0.572000	-90.086269
0.573000	-89.180255
0.574000	-88.284555
0.575000	-87.399042
0.576000	-86.523589
0.577000	-85.658074
0.578000	-84.802371
0.579000	-83.956362
0.580000	-83.119926
0.581000	-82.292944
0.582000	-81.475301
0.583000	-80.666881
0.584000	-79.867570
0.585000	-79.077257
0.586000	-78.295830
0.587000	-77.523181
0.588000	-76.759201
0.589000	-76.003784
0.590000	-75.256824
0.591000	-74.518218
0.592000	-73.787864
0.593000	-73.065659
0.594000	-72.351505
0.595000	-71.645302
0.596000	-70.946954
0.597000	-70.256364
0.598000	-69.573437
0.599000	-68.898080
0.600000	-68.230201
0.601000	-67.569707
0.602000	-66.916510
0.603000	-66.270520
0.604000	-65.631650
0.605000	-64.999812
0.606000	-64.374922
0.607000	-63.756894
0.608000	-63.145647
0.609000	-62.541097
0.610000	-61.943163
0.611000	-61.351766
0.612000	-60.766826
0.613000	-60.188265
0.614000	-59.616006
0.615000	-59.049973
0.616000	-58.490091
0.617000	-57.936286
0.618000	-57.388485
0.619000	-56.846615
0.620000	-56.310605
0.621000	-55.780385
0.622000	-55.255886
0.623000	-54.737038
0.624000	-54.223775
0.625000	-53.716029
0.626000	-53.213734
0.627000	-52.716826
0.628000	-52.225240
0.629000	-51.738912
0.630000	-51.257781
0.631000	-50.781783
0.632000	-50.310859
0.633000	-49.844948
0.634000	-49.383990
0.635000	-48.927927
0.636000	-48.476700
0.637000	-48.030254
0.638000	-47.588530
0.639000	-47.151474
0.640000	-46.719030
0.641000	-46.291144
0.642000	-45.867762
0.643000	-45.448832
0.644000	-45.034301
0.645000	-44.624118
0.646000	-44.218230
0.647000	-43.816589
0.648000	-43.419145
0.649000	-43.025848
0.650000	-42.636650
0.651000	-42.251504
0.652000	-41.870361
0.653000	-41.493176
0.654000	-41.119903
0.655000	-40.750495
0.656000	-40.384909
0.657000	-40.023100
0.658000	-39.665023
0.659000	-39.310637
0.660000	-38.959899
0.661000	-38.612765
0.662000	-38.269196
0.663000	-37.929149
0.664000	-37.592584
0.665000	-37.259461
0.666000	-36.929742
0.667000	-36.603386
0.668000	-36.280355
0.669000	-35.960611
0.670000	-35.644117
0.671000	-35.330835
0.672000	-35.020729
0.673000	-34.713763
0.674000	-34.409901
0.675000	-34.109107
0.676000	-33.811348
0.677000	-33.516588
0.678000	-33.224793
0.679000	-32.935930
0.680000	-32.649966
0.681000	-32.366869
0.682000	-32.086605
0.683000	-31.809143
0.684000	-31.534451
0.685000	-31.262498
0.686000	-30.993254
0.687000	-30.726689
0.688000	-30.462771
0.689000	-30.201471
0.690000	-29.942761
0.691000	-29.686612
0.692000	-29.432994
0.693000	-29.181879
0.694000	-28.933241
0.695000	-28.687051
0.696000	-28.443281
0.697000	-28.201906
0.698000	-27.962899
0.699000	-27.726233
0.700000	-27.491883
0.701000	-27.259824
0.702000	-27.030029
0.703000	-26.802474
0.704000	-26.577134
0.705000	-26.353985
0.706000	-26.133004
0.707000	-25.914165
0.708000	-25.697446
0.709000	-25.482824
0.710000	-25.270276
0.711000	-25.059778
0.712000	-24.851310
0.713000	-24.644848
0.714000	-24.440370
0.715000	-24.237857
0.716000	-24.037285
0.717000	-23.838634
0.718000	-23.641883
0.719000	-23.447012
0.720000	-23.254000
0.721000	-23.062828
0.722000	-22.873475
0.723000	-22.685922
0.724000	-22.500149
0.725000	-22.316138
0.726000	-22.133870
0.727000	-21.953326
0.728000	-21.774487
0.729000	-21.597335
0.730000	-21.421853
0.731000	-21.248022
0.732000	-21.075825
0.733000	-20.905245
0.734000	-20.736264
0.735000	-20.568865
0.736000	-20.403032
0.737000	-20.238748
0.738000	-20.075997
0.739000	-19.914762
0.740000	-19.755028
0.741000	-19.596779
0.742000	-19.439999
0.743000	-19.284672
0.744000	-19.130784
0.745000	-18.978319
0.746000	-18.827262
0.747000	-18.677600
0.748000	-18.529316
0.749000	-18.382397
0.750000	-18.236829
0.751000	-18.092597
0.752000	-17.949687
0.753000	-17.808086
0.754000	-17.667781
0.755000	-17.528757
0.756000	-17.391002
0.757000	-17.254503
0.758000	-17.119246
0.759000	-16.985218
0.760000	-16.852408
0.761000	-16.720801
0.762000	-16.590387
0.763000	-16.461153
0.764000	-16.333087
0.765000	-16.206176
0.766000	-16.080409
0.767000	-15.955775
0.768000	-15.832261
0.769000	-15.709857
0.770000	-15.588550
0.771000	-15.468330
0.772000	-15.349186
0.773000	-15.231107
0.774000	-15.114082
0.775000	-14.998101
0.776000	-14.883152
0.777000	-14.769225
0.778000	-14.656311
0.779000	-14.544398
0.780000	-14.433478
0.781000	-14.323539
0.782000	-14.214572
0.783000	-14.106567
0.784000	-13.999515
0.785000	-13.893406
0.786000	-13.788230
0.787000	-13.683979
0.788000	-13.580643
0.789000	-13.478213
0.790000	-13.376680
0.791000	-13.276034
0.792000	-13.176268
0.793000	-13.077373
0.794000	-12.979339
0.795000	-12.882159
0.796000	-12.785823
0.797000	-12.690324
0.798000	-12.595654
0.799000	-12.501803
0.800000	-12.408765
0.801000	-12.316531
0.802000	-12.225093
0.803000	-12.134443
0.804000	-12.044574
0.805000	-11.955478
0.806000	-11.867148
0.807000	-11.779575
0.808000	-11.692753
0.809000	-11.606675
0.810000	-11.521333
