0.000000	911.600199	1577.682565	-666.082366	1012.551987	0.000000
0.010000	911.599458	1565.453813	-653.854355	1004.703611	0.000000
0.020000	911.596145	1531.807791	-620.211646	983.109693	0.000000
0.030000	911.591168	1473.367600	-561.776432	945.602952	0.000000
0.040000	911.588075	1385.882898	-474.294823	889.455531	0.000000
0.050000	911.594774	1269.926540	-358.331766	815.035084	0.000000
0.060000	911.612661	1140.800573	-229.187913	732.162422	0.000000
0.070000	911.626651	1027.472247	-115.845596	659.428638	0.000000
0.080000	911.630686	952.857367	-41.226681	611.541030	0.000000
0.090000	911.625255	923.589842	-11.964587	592.757219	0.000000
0.100000	911.614543	931.089892	-19.475349	597.570729	0.000000
0.110000	911.605012	958.185533	-46.580521	614.960631	0.000000
0.120000	911.600291	988.663040	-77.062750	634.521005	0.000000
0.130000	911.601183	1013.333878	-101.732695	650.354675	0.000000
0.140000	911.606220	1031.671006	-120.064786	662.123389	0.000000
0.150000	911.611295	1049.482748	-137.871452	673.554912	0.000000
0.160000	911.612761	1072.865582	-161.252821	688.561946	0.000000
0.170000	911.611831	1103.119981	-191.508150	707.979129	0.000000
0.180000	911.610710	1137.835548	-226.224838	730.259477	0.000000
0.190000	911.609612	1173.874745	-262.265133	753.389327	0.000000
0.200000	911.608405	1208.119167	-296.510762	775.367296	0.000000
0.210000	911.607643	1237.533368	-325.925725	794.245242	0.000000
0.220000	911.607874	1259.943568	-348.335694	808.628042	0.000000
0.230000	911.609061	1274.794485	-363.185425	818.159317	0.000000
0.240000	911.610732	1283.103436	-371.492704	823.491977	0.000000
0.250000	911.612312	1286.762064	-375.149752	825.840073	0.000000
0.260000	911.613418	1287.661876	-376.048458	826.417570	0.000000
0.270000	911.614016	1287.099835	-375.485818	826.056853	0.000000
0.280000	911.614304	1285.684756	-374.070452	825.148660	0.000000
0.290000	911.614503	1283.589847	-371.975344	823.804154	0.000000
0.300000	911.614770	1280.866242	-369.251472	822.056152	0.000000
0.310000	911.615168	1277.668732	-366.053564	820.004000	0.000000
0.320000	911.615615	1274.342134	-362.726520	817.868999	0.000000
0.330000	911.615934	1271.303660	-359.687725	815.918915	0.000000
0.340000	911.616035	1268.803291	-357.187256	814.314186	0.000000
0.350000	911.615967	1266.792908	-355.176941	813.023928	0.000000
0.360000	911.615833	1264.984871	-353.369038	811.863535	0.000000
0.370000	911.615739	1263.001439	-351.385700	810.590575	0.000000
0.380000	911.615773	1260.536175	-348.920403	809.008376	0.000000
0.390000	911.615950	1257.482152	-345.866202	807.048313	0.000000
0.400000	911.616190	1253.954786	-342.338596	804.784459	0.000000
0.410000	911.616365	1250.175069	-338.558704	802.358648	0.000000
0.420000	911.616411	1246.291904	-334.675494	799.866445	0.000000
0.430000	911.616375	1242.288143	-330.671769	797.296843	0.000000
0.440000	911.616353	1238.038283	-326.421930	794.569295	0.000000
0.450000	911.616402	1233.438225	-321.821823	791.616992	0.000000
0.460000	911.616513	1228.484586	-316.868074	788.437761	0.000000
0.470000	911.616652	1223.268463	-311.651811	785.090069	0.000000
0.480000	911.616796	1217.930695	-306.313900	781.664305	0.000000
0.490000	911.616924	1212.621949	-301.005025	778.257167	0.000000
0.500000	911.617015	1207.470900	-295.853884	774.951239	0.000000
0.510000	911.617059	1202.555309	-290.938249	771.796427	0.000000
0.520000	911.617056	1197.885218	-286.268162	768.799177	0.000000
0.530000	911.617017	1193.405970	-281.788953	765.924409	0.000000
0.540000	911.616953	1189.014878	-277.397925	763.106220	0.000000
0.550000	911.616878	1184.581546	-272.964668	760.260920	0.000000
0.560000	911.616803	1179.967901	-268.351098	757.299896	0.000000
0.570000	911.616747	1175.050022	-263.433274	754.143616	0.000000
0.580000	911.616739	1169.747335	-258.130596	750.740367	0.000000
0.590000	911.616816	1164.065337	-252.448521	747.093678	0.000000
0.600000	911.617006	1158.147499	-246.530493	743.295627	0.000000
0.610000	911.617275	1152.301642	-240.684367	739.543773	0.000000
0.620000	911.617503	1146.936730	-235.319227	736.100589	0.000000
0.630000	911.617564	1142.387524	-230.769959	733.180922	0.000000
0.640000	911.617448	1138.736839	-227.119392	730.837923	0.000000
0.650000	911.617264	1135.799852	-224.182588	728.952973	0.000000
0.660000	911.617122	1133.275348	-221.658226	727.332754	0.000000
0.670000	911.617054	1130.905546	-219.288492	725.811823	0.000000
0.680000	911.617038	1128.535150	-216.918112	724.290509	0.000000
0.690000	911.617045	1126.090651	-214.473606	722.721637	0.000000
0.700000	911.617058	1123.541828	-211.924770	721.085810	0.000000
0.710000	911.617072	1120.877281	-209.260209	719.375712	0.000000
0.720000	911.617089	1118.095620	-206.478531	717.590450	0.000000
0.730000	911.617109	1115.204453	-203.587344	715.734907	0.000000
0.740000	911.617134	1112.221284	-200.604150	713.820319	0.000000
0.750000	911.617163	1109.174012	-197.556848	711.864588	0.000000
0.760000	911.617198	1106.100571	-194.483373	709.892063	0.000000
0.770000	911.617235	1103.047477	-191.430242	707.932596	0.000000
0.780000	911.617272	1100.066562	-188.449290	706.019454	0.000000
0.790000	911.616070	1096.740004	-185.123934	703.884479	1.455904
0.800000	911.616180	1092.564892	-180.948712	701.204905	2.973358
0.810000	911.616329	1087.707233	-176.090904	698.087273	4.417710
0.820000	911.616501	1082.398964	-170.782463	694.680442	5.752867
0.830000	911.616684	1076.911478	-165.294794	691.158590	6.945463
0.840000	911.616863	1071.532699	-159.915835	687.706506	7.965699
0.850000	911.617025	1066.544740	-154.927715	684.505248	8.788077
0.860000	911.617156	1062.201264	-150.584108	681.717618	9.392048
0.870000	911.617241	1058.704673	-147.087433	679.473517	9.762518
0.880000	911.617271	1056.185166	-144.567896	677.856505	9.890227
0.890000	911.617240	1054.684924	-143.067684	676.893654	9.771983
0.900000	911.617151	1054.150592	-142.533441	676.550721	9.410738
0.910000	911.617010	1054.435953	-142.818943	676.733865	8.815516
0.920000	911.616834	1055.315051	-143.698217	677.298067	8.001188
0.930000	911.616638	1056.504385	-144.887747	678.061378	6.988098
0.940000	911.616444	1057.691580	-146.075135	678.823316	5.801557
0.950000	911.616272	1058.567081	-146.950809	679.385210	4.471210
0.960000	911.616137	1058.855219	-147.239081	679.570136	3.030293
0.970000	911.616054	1058.341242	-146.725188	679.240267	1.514804
0.980000	911.617007	1056.893015	-145.276009	678.310800	0.000000
0.990000	911.617006	1055.024091	-143.407085	677.111330	0.000000
1.000000	911.617000	1053.241729	-141.624729	675.967415	0.000000
1.010000	911.616991	1051.537942	-139.920951	674.873930	0.000000
1.020000	911.616980	1049.899150	-138.282171	673.822158	0.000000
1.030000	911.616970	1048.309389	-136.692420	672.801854	0.000000
1.040000	911.616962	1046.753573	-135.136611	671.803336	0.000000
1.050000	911.616957	1045.220049	-133.603092	670.819125	0.000000
1.060000	911.616956	1043.702079	-132.085123	669.844896	0.000000
1.070000	911.616958	1042.198232	-130.581274	668.879732	0.000000
1.080000	911.616963	1040.711866	-129.094903	667.925787	0.000000
1.090000	911.616968	1039.249904	-127.632936	666.987504	0.000000
1.100000	911.616973	1037.821105	-126.204132	666.070505	0.000000
1.110000	911.616977	1036.434011	-124.817034	665.180272	0.000000
1.120000	911.616977	1035.094853	-123.477876	664.320804	0.000000
1.130000	911.616552	1033.646556	-122.030003	663.391291	0.848219
1.140000	911.616603	1031.480910	-119.864307	662.001386	2.214775
1.150000	911.616698	1028.617478	-117.000780	660.163644	3.525983
1.160000	911.616829	1025.210786	-113.593957	657.977239	4.749094
1.170000	911.616984	1021.472631	-109.855647	655.578102	5.853555
1.180000	911.617010	1017.644973	-106.027963	653.121523	7.018066
1.190000	911.617197	1013.712085	-102.094889	650.597407	8.793958
1.200000	911.617391	1009.836290	-98.218900	648.109934	10.347615
1.210000	911.617570	1006.326455	-94.708885	645.857332	11.640235
1.220000	911.617712	1003.466354	-91.848642	644.021727	12.639535
1.230000	911.617796	1001.479665	-89.861869	642.746677	13.320552
1.240000	911.617813	1000.499930	-88.882117	642.117885	13.666275
1.250000	911.617758	1000.552292	-88.934534	642.151491	13.668060
1.260000	911.617643	1001.551305	-89.933662	642.792654	13.325853
1.270000	911.617481	1003.314100	-91.696619	643.924011	12.648190
1.280000	911.617291	1005.584087	-93.966796	645.380882	11.651984
1.290000	911.617090	1008.059248	-96.442158	646.969433	10.362109
1.300000	911.616895	1010.420712	-98.803817	648.485014	8.810779
1.310000	911.616719	1012.359463	-100.742744	649.729299	7.036762
1.320000	911.616576	1013.600453	-101.983877	650.525762	5.084416
1.330000	911.617508	1014.168293	-102.550786	650.890200	4.052213
1.340000	911.617402	1014.469662	-102.852260	651.083618	3.254271
1.350000	911.617323	1014.377669	-102.760346	651.024577	2.373312
1.360000	911.617298	1013.782771	-102.165474	650.642774	1.432008
1.370000	911.617347	1012.655498	-101.038151	649.919293	0.454970
1.380000	911.617740	1010.936249	-99.318509	648.815884	0.951081
1.390000	911.617877	1008.916272	-97.298395	647.519468	1.891205
1.400000	911.617952	1006.845811	-95.227858	646.190653	2.783628
1.410000	911.617935	1004.851608	-93.233673	644.910780	3.605999
1.420000	911.617867	1002.941537	-91.323670	643.684901	4.337711
1.430000	911.617130	1001.017421	-89.400291	642.450009	5.391439
1.440000	911.617207	998.508233	-86.891025	640.839620	7.210987
1.450000	911.617382	995.380700	-83.763318	638.832379	8.849699
1.460000	911.617558	991.919461	-80.301903	636.610966	10.266594
1.470000	911.617621	988.414155	-76.796534	634.361271	11.426249
1.480000	911.617532	985.011563	-73.394030	632.177497	12.299694
1.490000	911.617391	981.670492	-70.053102	630.033208	12.865144
1.500000	911.617437	978.309519	-66.692081	627.876145	13.108552
1.510000	911.617911	975.136776	-63.518865	625.839888	13.023972
1.520000	911.618639	972.924056	-61.305418	624.419771	12.613730
1.530000	911.618874	972.696902	-61.078028	624.273984	11.888380
1.540000	911.618220	974.749168	-63.130949	625.591123	10.866466
1.550000	911.615995	977.662839	-66.046843	627.461108	11.658593
1.560000	911.615535	978.811721	-67.196186	628.198457	12.977891
1.570000	911.616000	977.372534	-65.756534	627.274791	14.140512
1.580000	911.616258	973.602033	-61.985776	624.854895	15.746108
1.590000	911.616454	968.027133	-56.410679	621.276940	16.959777
1.600000	911.616430	961.043748	-49.427318	616.795025	17.751221
1.610000	911.615108	952.708583	-41.093475	611.445541	18.966470
1.620000	911.615970	942.660608	-31.044638	604.996780	20.393593
1.630000	911.619234	932.698948	-21.079714	598.603417	21.928925
1.640000	911.620224	926.882179	-15.261955	594.870231	24.409305
1.650000	911.618789	926.838427	-15.219638	594.842151	27.442928
1.660000	911.616843	930.475999	-18.859156	597.176734	29.793338
1.670000	911.616412	934.777933	-23.161521	599.937703	31.402356
1.680000	911.616293	938.500793	-26.884500	602.327023	32.703681
1.690000	911.616796	941.320017	-29.703221	604.136393	33.965315
1.700000	911.616357	943.537225	-31.920868	605.559390	34.793921
1.710000	911.616542	945.045597	-33.429055	606.527459	35.525789
1.720000	911.616653	945.904001	-34.287349	607.078380	35.377013
1.730000	911.616347	946.145475	-34.529128	607.233357	34.949932
1.740000	911.616438	945.511386	-33.894948	606.826401	34.090314
1.750000	911.617535	944.634559	-33.017024	606.263656	34.809072
1.760000	911.617527	944.521644	-32.904116	606.191187	36.111504
1.770000	911.617466	945.059543	-33.442077	606.536410	36.515437
1.780000	911.617369	946.152047	-34.534678	607.237575	36.011351
1.790000	911.617194	947.271577	-35.654383	607.956086	35.914624
1.800000	911.617149	947.722243	-36.105093	608.245322	35.072661
1.810000	911.617360	947.683239	-36.065879	608.220290	34.434826
1.820000	911.617282	947.827380	-36.210098	608.312799	33.930863
1.830000	911.617163	947.899067	-36.281903	608.358807	33.549732
1.840000	911.617753	947.552370	-35.934617	608.136298	33.918889
1.850000	911.617369	947.264822	-35.647453	607.951751	35.125547
1.860000	911.617415	946.390929	-34.773514	607.390889	36.498959
1.870000	911.617507	944.761524	-33.144017	606.345142	36.960221
1.880000	911.618452	942.596428	-30.977976	604.955590	37.072164
1.890000	911.617125	940.164296	-28.547171	603.394654	39.584394
1.900000	911.617617	936.557745	-24.940127	601.079981	43.053776
1.910000	911.617864	932.424345	-20.806481	598.427177	46.042279
1.920000	911.617629	928.232981	-16.615352	595.737172	48.008475
1.930000	911.618393	924.260799	-12.642406	593.187837	50.403994
1.940000	911.618567	921.035253	-9.416686	591.117691	51.780628
1.950000	911.618959	918.870739	-7.251780	589.728513	52.159494
1.960000	911.618943	918.258761	-6.639818	589.335747	51.979647
1.970000	911.618799	919.304744	-7.685945	590.007056	50.508631
1.980000	911.619646	921.798272	-10.178626	591.607395	47.845146
1.990000	911.619004	925.834146	-14.215143	594.197607	45.569412
2.000000	911.618505	931.119387	-19.500882	597.589659	42.687365
2.010000	911.617866	936.853838	-25.235972	601.270012	38.965863
2.020000	911.616426	942.032764	-30.416337	604.593831	36.679058
2.030000	911.616865	945.044423	-33.427558	606.526706	36.725438
2.040000	911.616956	945.642215	-34.025258	606.910366	36.056074
2.050000	911.617985	944.103788	-32.485803	605.923009	35.373678
2.060000	911.617701	941.650618	-30.032917	604.348571	35.241315
2.070000	911.617071	938.605069	-26.987998	602.393947	35.162117
2.080000	911.616286	934.354553	-22.738266	599.665979	36.165225
2.090000	911.616243	928.626993	-17.010751	595.990048	39.781581
2.100000	911.616062	921.882556	-10.266494	591.661488	45.080601
2.110000	911.616727	914.071710	-2.454983	586.648510	49.907683
2.120000	911.617683	906.240124	5.377559	581.622222	54.249946
2.130000	911.618327	899.830911	11.787416	577.508808	59.074017
2.140000	911.617186	895.497819	16.119367	574.727842	64.611453
2.150000	911.616870	892.229077	19.387793	572.629973	70.381399
2.160000	911.616344	889.145867	22.470478	570.651178	75.266732
2.170000	911.615876	885.874733	25.741143	568.551774	79.128237
2.180000	911.616280	882.380584	29.235696	566.309240	81.608175
2.190000	911.616755	879.243644	32.373111	564.295961	82.394277
2.200000	911.617163	877.233395	34.383768	563.005789	81.447795
2.210000	911.617304	876.986362	34.630943	562.847244	78.471959
2.220000	911.618771	878.962998	32.655773	564.115843	75.828009
2.230000	911.617506	883.674838	27.942668	567.139888	73.124158
2.240000	911.616146	889.513219	22.102927	570.886944	68.631428
2.250000	911.614847	894.473969	17.140878	574.070738	63.090379
2.260000	911.614918	897.157533	14.457385	575.793041	56.775047
2.270000	911.616170	897.740447	13.875724	576.167154	49.886057
2.280000	911.618323	898.493637	13.124686	576.650549	44.691362
2.290000	911.618848	902.812335	8.806513	579.422277	40.147748
2.300000	911.617962	912.102461	-0.484499	585.384652	36.232629
2.310000	911.615840	924.747448	-13.131608	593.500167	32.025568
2.320000	911.614887	937.407098	-25.792211	601.625093	27.835050
2.330000	911.614682	947.527183	-35.912501	608.120133	24.995174
2.340000	911.615407	954.032170	-42.416763	612.295015	24.144954
2.350000	911.615768	957.511868	-45.896100	614.528275	24.021694
2.360000	911.616373	958.618288	-47.001916	615.238372	24.328692
2.370000	911.617226	958.334890	-46.717665	615.056488	24.900018
2.380000	911.617741	957.827422	-46.209682	614.730796	25.197102
2.390000	911.618145	957.800378	-46.182232	614.713439	24.861033
2.400000	911.618341	958.789249	-47.170908	615.348094	23.898698
2.410000	911.618102	961.005924	-49.387823	616.770750	22.707514
2.420000	911.617653	963.945564	-52.327912	618.657402	21.848575
2.430000	911.617124	966.816718	-55.199594	620.500100	20.763186
2.440000	911.616520	968.673191	-57.056671	621.691579	20.130886
2.450000	911.616472	968.854578	-57.238106	621.807993	19.753240
2.460000	911.616579	967.400527	-55.783948	620.874787	19.458661
2.470000	911.617582	964.661934	-53.044352	619.117166	19.054862
2.480000	911.618198	961.606913	-49.988714	617.156462	19.154291
2.490000	911.618044	959.087842	-47.469798	615.539730	20.380152
2.500000	911.617576	957.205609	-45.588032	614.331718	21.416744
2.510000	911.617708	955.440171	-43.822463	613.198666	22.590220
2.520000	911.618057	953.826081	-42.208023	612.162747	23.220120
2.530000	911.618551	952.904225	-41.285674	611.571103	24.001665
2.540000	911.618401	953.226417	-41.608017	611.777885	24.523060
2.550000	911.618319	954.680320	-43.062001	612.710996	25.065469
2.560000	911.617887	956.996912	-45.379024	614.197777	25.287038
2.570000	911.617632	959.512407	-47.894775	615.812215	25.555837
2.580000	911.617418	961.719138	-50.101720	617.228488	25.181639
2.590000	911.617287	963.278235	-51.660948	618.229112	24.174013
2.600000	911.617258	963.983113	-52.365855	618.681501	22.558381
2.610000	911.617811	963.874260	-52.256449	618.611639	21.006687
2.620000	911.618145	963.359363	-51.741218	618.281180	19.542329
2.630000	911.618802	962.803996	-51.185195	617.924747	18.136664
2.640000	911.618932	962.767584	-51.148652	617.901377	17.128772
2.650000	911.619015	963.619397	-52.000382	618.448069	15.689406
2.660000	911.619075	965.561697	-53.942622	619.694631	14.948108
2.670000	911.618923	968.590567	-56.971644	621.638551	14.216066
2.680000	911.618632	972.439455	-60.820824	624.108756	13.124545
2.690000	911.618288	976.645222	-65.026934	626.808005	11.700663
2.700000	911.618463	980.725418	-69.106955	629.426662	10.529284
2.710000	911.617950	984.510759	-72.892809	631.856083	9.563806
2.720000	911.617360	987.516310	-75.898950	633.785037	9.505176
2.730000	911.617181	989.086180	-77.468999	634.792574	10.143189
2.740000	911.617499	989.032846	-77.415346	634.758345	11.506844
2.750000	911.617675	987.744314	-76.126639	633.931369	13.041448
2.760000	911.617930	985.579980	-73.962050	632.542306	15.088447
2.770000	911.617626	982.786482	-71.168856	630.749447	18.504032
2.780000	911.617787	979.268005	-67.650218	628.491299	21.830353
2.790000	911.617915	975.279887	-63.661972	625.931736	24.616622
2.800000	911.617437	970.900843	-59.283405	623.121279	27.783689
2.810000	911.617115	965.598775	-53.981660	619.718428	32.129850
2.820000	911.617398	959.242913	-47.625515	615.639254	35.914437
2.830000	911.617935	952.400385	-40.782450	611.247740	38.809619
2.840000	911.618601	946.012848	-34.394248	607.148238	40.896550
2.850000	911.619180	941.087491	-29.468311	603.987158	42.603683
2.860000	911.619442	938.490787	-26.871345	602.320602	43.752339
2.870000	911.618997	938.443651	-26.824654	602.290349	43.990479
2.880000	911.618134	940.230842	-28.612709	603.437364	44.165822
2.890000	911.617615	942.556166	-30.938550	604.929749	44.853358
2.900000	911.617437	944.613878	-32.996441	606.250383	44.649621
2.910000	911.617602	946.068483	-34.450881	607.183944	43.538327
2.920000	911.617752	946.920235	-35.302484	607.730596	42.541832
2.930000	911.617640	947.284860	-35.667220	607.964611	41.977076
2.940000	911.617595	946.984011	-35.366417	607.771528	40.939926
2.950000	911.617775	946.066671	-34.448896	607.182781	38.976743
2.960000	911.618310	944.888526	-33.270216	606.426651	36.460375
2.970000	911.618766	944.332550	-32.713784	606.069827	34.558710
2.980000	911.618285	944.884551	-33.266266	606.424100	32.330439
2.990000	911.617729	945.836521	-34.218792	607.035072	29.909613
3.000000	911.617922	946.534907	-34.916984	607.483294	27.848501
3.010000	911.618376	947.279111	-35.660735	607.960921	26.907652
3.020000	911.618286	948.558960	-36.940674	608.782325	26.133712
3.030000	911.618418	950.491037	-38.872619	610.022326	25.162193
3.040000	911.618310	953.187243	-41.568933	611.752743	23.664203
3.050000	911.617954	956.546724	-44.928770	613.908848	22.440153
3.060000	911.617489	960.149467	-48.531978	616.221078	20.784612
3.070000	911.617020	963.297748	-51.680728	618.241635	18.708703
3.080000	911.616734	965.362201	-53.745466	619.566595	16.712552
3.090000	911.616945	966.062243	-54.445299	620.015880	15.231827
3.100000	911.617077	965.479036	-53.861959	619.641579	13.916895
3.110000	911.617303	963.921416	-52.304113	618.641903	12.336411
3.120000	911.617418	961.803879	-50.186461	617.282875	10.541341
3.130000	911.617699	959.577791	-47.960092	615.854178	10.763818
3.140000	911.618071	957.453167	-45.835096	614.490600	11.958965
3.150000	911.618457	955.798119	-44.179662	613.428396	12.992820
3.160000	911.618506	955.101918	-43.483412	612.981576	13.863542
3.170000	911.618310	955.369780	-43.751470	613.153489	14.568455
3.180000	911.618178	956.240035	-44.621856	613.712016	15.102277
3.190000	911.618243	957.412214	-45.793971	614.464317	15.457968
3.200000	911.618441	958.866297	-47.247856	615.397543	15.628864
3.210000	911.618621	960.790900	-49.172279	616.632748	15.609484
3.220000	911.618655	963.366890	-51.748235	618.286011	15.393820
3.230000	911.618548	966.580857	-54.962309	620.348725	14.972815
3.240000	911.618422	970.219693	-58.601271	622.684119	14.334111
3.250000	911.617941	973.957654	-62.339712	625.083131	14.030224
3.260000	911.616789	977.114479	-65.497691	627.109172	15.041050
3.270000	911.616778	978.768719	-67.151941	628.170859	16.845679
3.280000	911.616744	978.708124	-67.091380	628.131969	18.311756
3.290000	911.616750	976.864083	-65.247333	626.948469	19.377101
3.300000	911.616879	973.258585	-61.641706	624.634471	19.996122
3.310000	911.617169	968.118153	-56.500983	621.335357	20.153617
3.320000	911.617798	961.943867	-50.326069	617.372718	20.182444
3.330000	911.618544	955.594212	-43.975668	613.297528	20.838027
3.340000	911.618979	950.076566	-38.457587	609.756320	22.371036
3.350000	911.619301	946.114385	-34.495084	607.213404	23.343724
3.360000	911.619436	944.238454	-32.619018	606.009437	23.730897
3.370000	911.619334	944.677950	-33.058615	606.291504	23.522431
3.380000	911.619024	947.285885	-35.666861	607.965269	22.723398
3.390000	911.618613	951.583703	-39.965090	610.723596	21.353872
3.400000	911.618192	956.915401	-45.297209	614.145464	19.448389
3.410000	911.617648	962.548433	-50.930786	617.760727	17.481248
3.420000	911.617237	967.695073	-56.077837	621.063826	15.481738
3.430000	911.616887	971.679949	-60.063062	623.621307	13.275779
3.440000	911.616406	973.873740	-62.257334	625.029276	11.637983
3.450000	911.616182	973.740612	-62.124430	624.943835	11.909718
3.460000	911.617504	971.522133	-59.904629	623.520021	13.751720
3.470000	911.617726	968.281895	-56.664169	621.440446	16.111579
3.480000	911.617868	964.473656	-52.855788	618.996330	18.070840
3.490000	911.617868	960.375286	-48.757418	616.366008	19.814505
3.500000	911.618178	956.210638	-44.592460	613.693149	21.330021
3.510000	911.618741	952.531184	-40.912443	611.331687	22.307169
3.520000	911.619254	950.205292	-38.586038	609.838936	22.720863
3.530000	911.619663	949.976931	-38.357268	609.692375	22.852568
3.540000	911.619275	952.092184	-40.472909	611.049938	22.931422
3.550000	911.618826	955.984381	-44.365555	613.547938	22.430828
3.560000	911.618524	960.873751	-49.255226	616.685921	21.363215
3.570000	911.618338	966.159907	-54.541569	620.078560	19.755276
3.580000	911.618189	971.423816	-59.805627	623.456922	17.647300
3.590000	911.618042	976.331461	-64.713419	626.606634	15.092181
3.600000	911.617895	980.579227	-68.961332	629.332837	12.154113
3.610000	911.617925	983.928270	-72.310346	631.482243	9.344765
3.620000	911.617793	986.289807	-74.672014	632.997870	6.570030
3.630000	911.617779	987.452842	-75.835062	633.744303	4.437497
3.640000	911.617991	987.274820	-75.656829	633.630049	2.858621
3.650000	911.617905	986.077655	-74.459750	632.861712	2.757259
3.660000	911.617804	984.112103	-72.494298	631.600226	2.693520
3.670000	911.617792	981.313917	-69.696125	629.804359	2.557326
3.680000	911.618136	977.778244	-66.160108	627.535175	2.373833
3.690000	911.618626	973.992012	-62.373386	625.105182	2.623251
3.700000	911.619200	970.816351	-59.197151	623.067052	2.833630
3.710000	911.619410	969.120180	-57.500771	621.978455	2.972887
3.720000	911.619064	969.220743	-57.601679	622.042996	3.037533
3.730000	911.618498	970.634652	-59.016155	622.950439	3.025936
3.740000	911.618114	972.516018	-60.897904	624.157894	2.938361
3.750000	911.618018	974.223445	-62.605427	625.253715	2.776961
3.760000	911.617888	975.508842	-63.890954	626.078679	2.672506
3.770000	911.618039	976.267052	-64.649013	626.565296	3.099189
3.780000	911.618129	976.568464	-64.950335	626.758741	3.644038
3.790000	911.618158	976.507894	-64.889736	626.719868	4.235004
3.800000	911.618130	976.119436	-64.501305	626.470556	4.721286
3.810000	911.618117	975.379419	-63.761302	625.995616	5.090718
3.820000	911.618314	974.307962	-62.689648	625.307958	5.547023
3.830000	911.618345	973.090500	-61.472155	624.526594	6.464317
3.840000	911.618575	971.938109	-60.319534	623.786993	7.406570
3.850000	911.618746	971.189788	-59.571042	623.306723	8.165072
3.860000	911.618551	971.032511	-59.413959	623.205783	9.257616
3.870000	911.618459	971.338231	-59.719772	623.401994	10.323651
3.880000	911.618334	971.959492	-60.341158	623.800717	11.131320
3.890000	911.618246	972.698231	-61.079985	624.274838	11.660526
3.900000	911.618211	973.400844	-61.782633	624.725772	11.898170
3.910000	911.618206	973.987297	-62.369091	625.102156	11.838490
3.920000	911.618204	974.426625	-62.808420	625.384115	11.483241
3.930000	911.618192	974.702783	-63.084591	625.561353	10.865145
3.940000	911.618168	974.795046	-63.176878	625.620567	9.990073
3.950000	911.618139	974.675959	-63.057820	625.544138	8.864885
3.960000	911.618273	974.329884	-62.711611	625.322028	7.747365
3.970000	911.618233	973.826455	-62.208222	624.998928	7.489169
3.980000	911.618217	973.156452	-61.538235	624.568922	7.192958
3.990000	911.618120	972.307048	-60.688928	624.023777	6.913089
4.000000	911.618059	971.216164	-59.598105	623.323651	6.470131
4.010000	911.618136	969.882029	-58.263893	622.467407	5.878799
4.020000	911.618371	968.496369	-56.877998	621.578095	5.159955
4.030000	911.618332	967.472649	-55.854318	620.921075	5.067252
4.040000	911.618256	967.010670	-55.392415	620.624578	5.289246
4.050000	911.617963	966.985657	-55.367694	620.608524	5.414707
4.060000	911.617885	967.022260	-55.404374	620.632016	5.778120
4.070000	911.617764	966.831131	-55.213367	620.509350	6.340385
4.080000	911.617828	966.241039	-54.623210	620.130631	6.798939
4.090000	911.618012	965.338921	-53.720908	619.551654	7.111053
4.100000	911.618260	964.405908	-52.787647	618.952849	7.267373
4.110000	911.618499	963.827340	-52.208841	618.581526	7.261920
4.120000	911.618594	963.969477	-52.350883	618.672749	7.092524
4.130000	911.618444	964.984974	-53.366529	619.324492	6.761129
4.140000	911.618145	966.680147	-55.062002	620.412449	6.273923
4.150000	911.617665	968.584540	-56.966875	621.634682	6.165845
4.160000	911.617646	970.232965	-58.615319	622.692637	6.098027
4.170000	911.617742	971.576305	-59.958564	623.554789	6.224585
4.180000	911.617650	972.721500	-61.103850	624.289771	6.416234
4.190000	911.617447	973.535094	-61.917647	624.811933	6.450436
4.200000	911.617316	973.746297	-62.128981	624.947483	6.325832
4.210000	911.617483	973.219185	-61.601702	624.609184	6.045165
4.220000	911.618044	972.263326	-60.645282	623.995717	5.615185
4.230000	911.618826	971.746042	-60.127217	623.663725	5.381473
4.240000	911.618991	972.723649	-61.104657	624.291150	5.330373
4.250000	911.618513	975.406338	-63.787826	626.012893	5.147458
4.260000	911.617687	979.058247	-67.440561	628.356677	4.870250
4.270000	911.617315	982.579858	-70.962543	630.616836	5.032743
4.280000	911.617210	985.215539	-73.598328	632.308408	5.070006
4.290000	911.617242	986.684869	-75.067627	633.251420	5.005462
4.300000	911.617279	986.941590	-75.324311	633.416183	4.978584
4.310000	911.617317	986.018940	-74.401623	632.824029	4.826845
4.320000	911.617329	983.972839	-72.355510	631.510847	4.805081
4.330000	911.617470	980.913254	-69.295785	629.547215	4.739131
4.340000	911.617730	977.116137	-65.498407	627.110236	4.553847
4.350000	911.618336	973.132588	-61.514252	624.553606	4.869360
4.360000	911.618674	969.719654	-58.100980	622.363196	5.155089
4.370000	911.618749	967.441518	-55.822769	620.901095	5.310983
4.380000	911.618471	966.481490	-54.863019	620.284951	5.333130
4.390000	911.618092	966.534983	-54.916891	620.319283	5.220954
4.400000	911.617985	967.147485	-55.529500	620.712385	4.977228
4.410000	911.618218	968.203161	-56.584943	621.389915	4.608003
4.420000	911.618424	970.000123	-58.381699	622.543200	4.122462
4.430000	911.618220	972.762568	-61.144348	624.316129	3.532683
4.440000	911.617673	976.141993	-64.524320	626.485034	2.853345
4.450000	911.617134	979.304775	-67.687642	628.514898	2.101353
4.460000	911.616829	981.406306	-69.789477	629.863654	1.687049
4.470000	911.616793	981.968629	-70.351836	630.224551	1.944526
4.480000	911.617082	980.972648	-69.355565	629.585334	2.151162
4.490000	911.617703	978.894709	-67.277006	628.251719	2.301719
4.500000	911.618386	976.682486	-65.064100	626.831920	2.392355
4.510000	911.618660	975.326537	-63.707877	625.961676	2.449277
4.520000	911.618294	975.178893	-63.560599	625.866919	3.100687
4.530000	911.617771	975.663581	-64.045809	626.177990	3.906993
4.540000	911.617457	975.979554	-64.362097	626.380781	4.743400
4.550000	911.617451	975.606059	-63.988608	626.141073	5.512463
4.560000	911.617581	974.415738	-62.798157	625.377128	6.661011
4.570000	911.617884	972.603859	-60.985975	624.214270	7.693532
4.580000	911.618148	970.615307	-58.997160	622.938023	8.534274
4.590000	911.618278	968.859248	-57.240970	621.810989	9.162217
4.600000	911.618295	967.567861	-55.949566	620.982181	9.561648
4.610000	911.618273	966.807008	-55.188735	620.493868	9.722563
4.620000	911.618226	966.565219	-54.946994	620.338689	9.640915
4.630000	911.618138	966.778347	-55.160209	620.475473	9.318714
4.640000	911.618074	967.326651	-55.708577	620.827373	8.763980
4.650000	911.618119	968.123438	-56.505320	621.338749	7.990546
4.660000	911.618250	969.256300	-57.638049	622.065816	7.426113
4.670000	911.618197	970.913730	-59.295533	623.129550	6.783880
4.680000	911.617843	973.004374	-61.386531	624.471319	5.973851
4.690000	911.617306	975.052378	-63.435072	625.785722	5.016255
4.700000	911.616972	976.388743	-64.771771	626.643397	3.935011
4.710000	911.617228	976.689305	-65.072078	626.836297	2.757122
4.720000	911.618081	976.503732	-64.885650	626.717196	1.969195
4.730000	911.617852	976.893573	-65.275721	626.967395	1.927380
4.740000	911.617234	977.746772	-66.129538	627.514976	2.567166
4.750000	911.616260	978.105595	-66.489335	627.745268	3.232875
4.760000	911.615766	976.623478	-65.007712	626.794049	4.326904
4.770000	911.615725	972.504577	-60.888853	624.150551	5.390039
4.780000	911.616499	965.845250	-54.228751	619.876615	6.325974
4.790000	911.618202	958.060790	-46.442588	614.880571	7.110778
4.800000	911.619588	951.779328	-40.159740	610.849148	7.724673
4.810000	911.619153	949.000936	-37.381783	609.065984	8.152584
4.820000	911.617921	949.215130	-37.597209	609.203453	8.384615
4.830000	911.617329	950.591187	-38.973858	610.086602	8.864851
4.840000	911.617599	952.068596	-40.450997	611.034799	9.313069
4.850000	911.617970	953.740941	-42.122971	612.108105	9.546055
4.860000	911.618049	955.952102	-44.334053	613.527222	9.563741
4.870000	911.617757	958.703209	-47.085452	615.292874	9.374299
4.880000	911.617324	961.521325	-49.904001	617.101532	8.995108
4.890000	911.617111	963.763950	-52.146839	618.540842	8.453581
4.900000	911.617322	965.109869	-53.492546	619.404649	7.787168
4.910000	911.617871	965.843018	-54.225146	619.875182	7.041146
4.920000	911.618418	966.724419	-55.106002	620.440863	6.262564
4.930000	911.617652	968.425907	-56.808255	621.532873	6.265361
4.940000	911.616713	970.344161	-58.727448	622.764002	8.222347
4.950000	911.616337	971.515414	-59.899077	623.515709	10.402178
4.960000	911.616164	971.318590	-59.702427	623.389388	12.485725
4.970000	911.616181	969.439229	-57.823048	622.183220	14.620050
4.980000	911.616334	965.884656	-54.268322	619.901905	16.396723
4.990000	911.616589	960.909198	-49.292608	616.708671	17.771454
5.000000	911.616994	954.999465	-43.382471	612.915822	18.710034
5.010000	911.617492	948.913301	-37.295809	609.009740	19.189195
5.020000	911.617754	943.561524	-31.943770	605.574985	19.197192
5.030000	911.617657	939.593712	-27.976054	603.028455	19.120184
5.040000	911.617492	937.193537	-25.576046	601.488030	18.810117
5.050000	911.618176	936.613515	-24.995339	601.115774	18.037453
5.060000	911.618569	939.035433	-27.416865	602.670154	16.822053
5.070000	911.616980	944.942015	-33.325035	606.460981	15.195046
5.080000	911.614717	951.941785	-40.327068	610.953412	14.118431
5.090000	911.613721	956.727707	-45.113986	614.025002	12.704016
5.100000	911.612960	957.684778	-46.071818	614.639248	11.409648
5.110000	911.613638	954.415332	-42.801694	612.540927	10.578781
5.120000	911.616051	948.445385	-36.829335	608.709433	9.504512
5.130000	911.618457	943.720477	-32.102020	605.677001	8.810754
5.140000	911.617067	943.931256	-32.314189	605.812278	9.926980
5.150000	911.615364	947.734617	-36.119254	608.253264	12.056493
5.160000	911.615246	952.019927	-40.404681	611.003563	13.883599
5.170000	911.615655	955.718393	-44.102738	613.377228	15.362645
5.180000	911.615855	958.720359	-47.104504	615.303880	17.115517
5.190000	911.616255	961.028568	-49.412313	616.785282	18.773853
5.200000	911.616596	962.910656	-51.294060	617.993201	19.964451
5.210000	911.616845	964.654935	-53.038090	619.112674	20.657648
5.220000	911.617006	966.483911	-54.866905	620.286505	20.836203
5.230000	911.617079	968.531672	-56.914593	621.600752	20.495729
5.240000	911.617065	970.833748	-59.216682	623.078217	19.644810
5.250000	911.616972	973.318829	-61.701858	624.673136	18.304784
5.260000	911.616822	975.817195	-64.200373	626.276579	16.509226
5.270000	911.616973	978.110918	-66.493946	627.748684	14.603123
5.280000	911.616762	980.200904	-68.584142	629.090030	12.965322
5.290000	911.616524	981.872718	-70.256194	630.162996	11.007770
5.300000	911.616684	982.856326	-71.239642	630.794272	9.261803
5.310000	911.616489	983.291774	-71.675285	631.073742	7.963958
5.320000	911.616454	983.082301	-71.465847	630.939303	6.469734
5.330000	911.616627	982.278002	-70.661374	630.423106	4.816460
5.340000	911.616936	981.221020	-69.604084	629.744738	3.230614
5.350000	911.616788	980.501830	-68.885042	629.283164	2.336896
5.360000	911.616336	980.121524	-68.505188	629.039085	1.387622
5.370000	911.615959	979.504052	-67.888092	628.642793	0.985246
5.380000	911.616543	978.393214	-66.776671	627.929861	1.315336
5.390000	911.617148	977.573584	-65.956436	627.403825	2.019972
5.400000	911.616945	977.840900	-66.223955	627.575387	2.675038
5.410000	911.615797	978.905268	-67.289471	628.258496	3.264163
5.420000	911.614477	979.246933	-67.632456	628.477775	3.836646
5.430000	911.613517	977.159674	-65.546158	627.138179	4.493105
5.440000	911.613723	971.679788	-60.066064	623.621204	5.682951
5.450000	911.615271	963.508621	-51.893350	618.376973	6.729312
5.460000	911.617270	955.345399	-43.728129	613.137841	7.606065
5.470000	911.618057	950.370552	-38.752495	609.945000	8.291326
5.480000	911.617314	949.936672	-38.319358	609.666536	8.767993
5.490000	911.615791	952.979453	-41.363662	611.619384	9.024169
5.500000	911.614261	957.080587	-45.466325	614.251480	9.053462
5.510000	911.613098	959.730786	-48.117688	615.952370	8.855137
5.520000	911.612550	959.087106	-47.474556	615.539258	8.434137
5.530000	911.613143	954.487784	-42.874641	612.587426	7.800957
5.540000	911.615213	947.170436	-35.555223	607.891174	6.971384
5.550000	911.617212	940.403097	-28.785885	603.547916	5.966103
5.560000	911.617282	937.208374	-25.591092	601.497552	4.827401
5.570000	911.616768	938.041324	-26.424556	602.032137	4.163627
5.580000	911.616079	941.988934	-30.372855	604.565702	3.531563
5.590000	911.615032	947.666347	-36.051315	608.209449	2.809178
5.600000	911.614366	953.260769	-41.646403	611.799932	2.014484
5.610000	911.614544	957.505842	-45.891299	614.524407	1.299255
5.620000	911.615496	960.418648	-48.803151	616.393837	0.608840
5.630000	911.616617	963.127386	-51.510769	618.132297	0.000000
5.640000	911.616297	966.728998	-55.112701	620.443802	0.176424
5.650000	911.615410	970.739260	-59.123850	623.017576	0.442889
5.660000	911.615039	973.744423	-62.129383	624.946280	0.697273
5.670000	911.615321	974.956144	-63.340824	625.723959	0.933196
5.680000	911.615863	974.539700	-62.923837	625.456686	1.144739
5.690000	911.616380	973.134011	-61.517631	624.554520	1.326586
5.700000	911.616763	971.421721	-59.804958	623.455577	1.474164
5.710000	911.616975	969.929125	-58.312150	622.497633	1.583752
5.720000	911.617020	968.949782	-57.332762	621.869094	1.652574
5.730000	911.616554	968.424096	-56.807542	621.531710	2.411420
5.740000	911.616501	968.034141	-56.417640	621.281438	3.369783
5.750000	911.616573	967.680025	-56.063453	621.054168	4.641225
5.760000	911.616675	967.415919	-55.799244	620.884665	5.908681
5.770000	911.616688	967.350077	-55.733389	620.842408	7.048260
5.780000	911.616598	967.470808	-55.854210	620.919893	8.025499
5.790000	911.616499	967.625421	-56.008922	621.019123	8.811838
5.800000	911.616455	967.641251	-56.024796	621.029283	9.441995
5.810000	911.616537	967.438078	-55.821541	620.898887	10.052316
5.820000	911.616690	967.031158	-55.414468	620.637727	10.834792
5.830000	911.616896	966.564229	-54.947334	620.338053	11.398107
5.840000	911.617045	966.278077	-54.661032	620.154402	11.907019
5.850000	911.617124	966.371230	-54.754106	620.214187	12.123091
5.860000	911.617089	966.934195	-55.317106	620.575496	12.041381
5.870000	911.616904	967.901670	-56.284766	621.196419	11.664760
5.880000	911.616563	969.010553	-57.393991	621.908097	11.003904
5.890000	911.615808	969.774583	-58.158775	622.398449	10.421339
5.900000	911.615413	969.416871	-57.801458	622.168870	10.043811
5.910000	911.614773	967.229174	-55.614401	620.764813	10.934841
5.920000	911.615678	962.638245	-51.022567	617.818368	12.319351
5.930000	911.616949	957.024556	-45.407607	614.215519	13.947513
5.940000	911.617462	952.416480	-40.799017	611.258070	16.536536
5.950000	911.616851	949.605401	-37.988550	609.453928	19.105700
5.960000	911.616237	947.825447	-36.209210	608.311558	21.320102
5.970000	911.616263	946.169757	-34.553494	607.248942	23.002866
5.980000	911.616593	944.514959	-32.898366	606.186897	24.111999
5.990000	911.616830	943.195866	-31.579036	605.340307	24.619804
6.000000	911.616834	942.486575	-30.869742	604.885086	24.596179
6.010000	911.616387	942.279762	-30.663375	604.752354	24.889045
6.020000	911.615880	942.159045	-30.543165	604.674878	24.948824
6.030000	911.615399	941.592308	-29.976909	604.311149	24.386823
6.040000	911.615369	940.198190	-28.582820	603.416407	23.216967
6.050000	911.616023	938.335713	-26.719690	602.221075	21.468402
6.060000	911.617003	937.327858	-25.710855	601.574237	19.184818
6.070000	911.617702	938.880347	-27.262645	602.570620	16.423435
6.080000	911.616367	943.886014	-32.269647	605.783242	14.044944
6.090000	911.614632	950.905209	-39.290577	610.288141	12.272034
6.100000	911.613215	957.189141	-45.575927	614.321150	10.502940
6.110000	911.614580	960.689488	-49.074908	616.567662	10.194836
6.120000	911.615072	961.593117	-49.978045	617.147608	10.160789
6.130000	911.615627	960.308619	-48.692991	616.323221	10.748551
6.140000	911.615946	957.472008	-45.856063	614.502693	11.823494
6.150000	911.615141	953.384576	-41.769435	611.879391	13.636791
6.160000	911.615661	947.720803	-36.105142	608.244398	15.732184
6.170000	911.614430	940.719354	-29.104924	603.750889	19.654727
6.180000	911.615136	932.476539	-20.861404	598.460675	23.561075
6.190000	911.615484	924.077396	-12.461912	593.070130	26.885581
6.200000	911.615755	916.139521	-4.523766	587.975625	29.569472
6.210000	911.615744	908.920393	2.695351	583.342410	32.204117
6.220000	911.615912	902.581567	9.034345	579.274171	34.051154
6.230000	911.616328	897.419632	14.196695	575.961256	35.060772
6.240000	911.616941	894.079702	17.537238	573.817699	35.200691
6.250000	911.617503	893.456715	18.160788	573.417868	34.467487
6.260000	911.617634	896.315646	15.301987	575.252721	32.879580
6.270000	911.617168	902.761055	8.856113	579.389365	30.476780
6.280000	911.616385	912.181713	-0.565327	585.435516	28.192194
6.290000	911.615504	923.698601	-12.083097	592.827020	25.586834
6.300000	911.614787	935.864871	-24.250084	600.635296	22.347889
6.310000	911.613806	947.294838	-35.681032	607.971015	19.296073
6.320000	911.613472	956.651692	-45.038220	613.976216	16.121302
6.330000	911.613451	963.353298	-51.739847	618.277287	13.210817
6.340000	911.613426	967.174687	-55.561260	620.729843	10.062950
6.350000	911.615043	968.346811	-56.731768	621.482109	7.909973
6.360000	911.615221	967.802546	-56.187324	621.132801	5.977964
6.370000	911.617179	966.404748	-54.787568	620.235698	6.131019
6.380000	911.617291	965.475274	-53.857983	619.639165	6.581903
6.390000	911.617317	965.200996	-53.583679	619.463134	6.869439
6.400000	911.617266	965.622098	-54.004832	619.733396	6.986449
6.410000	911.617156	966.664698	-55.047542	620.402534	6.930017
6.420000	911.617013	968.167800	-56.550787	621.367220	6.701557
6.430000	911.616865	969.920444	-58.303579	622.492062	6.306780
6.440000	911.616742	971.703410	-60.086668	623.636364	5.759423
6.450000	911.616677	973.334017	-61.717340	624.682883	5.081271
6.460000	911.616648	974.628862	-63.012214	625.513910	4.883963
6.470000	911.616755	975.482754	-63.865999	626.061936	4.639023
6.480000	911.616831	976.023562	-64.406731	626.409025	4.397927
6.490000	911.616917	976.388147	-64.771230	626.643015	4.278704
6.500000	911.616896	976.671389	-65.054493	626.824798	4.058317
6.510000	911.617064	977.006201	-65.389137	627.039680	4.601452
6.520000	911.616926	977.592650	-65.975724	627.416061	5.266653
6.530000	911.616834	978.254412	-66.637578	627.840778	5.805299
6.540000	911.616808	978.860044	-67.243236	628.229471	6.203802
6.550000	911.616477	979.364187	-67.747710	628.553028	6.492525
6.560000	911.616505	979.629888	-68.013383	628.723554	7.374015
6.570000	911.616516	979.567566	-67.951050	628.683556	8.076188
6.580000	911.616479	979.197022	-67.580543	628.445742	8.581345
6.590000	911.616371	978.484146	-66.867775	627.988220	8.876717
6.600000	911.616169	977.312898	-65.696729	627.236517	8.954782
6.610000	911.615843	975.463027	-63.847184	626.049275	8.813457
6.620000	911.615343	972.584792	-60.969449	624.202032	8.456149
6.630000	911.614601	968.164336	-56.549736	621.364997	7.891673
6.640000	911.613627	961.505661	-49.892034	617.091479	7.134029
6.650000	911.613050	951.926538	-40.313487	610.943626	6.202054
6.660000	911.615546	940.072016	-28.456470	603.335429	5.683883
6.670000	911.621509	931.148546	-19.527037	597.608373	5.149318
6.680000	911.620703	933.596369	-21.975666	599.179379	4.489212
6.690000	911.613005	946.098459	-34.485454	607.203182	5.178914
6.700000	911.610188	958.046801	-46.436613	614.871593	5.973281
6.710000	911.610629	963.685759	-52.075130	618.490659	6.701195
6.720000	911.611717	962.605436	-50.993719	617.797312	7.562700
6.730000	911.614089	956.483646	-44.869558	613.868365	8.238194
6.740000	911.617700	949.288805	-37.671106	609.250738	8.710863
6.750000	911.618749	946.205344	-34.586595	607.271781	9.086583
6.760000	911.616200	948.418737	-36.802538	608.692331	9.911791
6.770000	911.613481	952.227646	-40.614165	611.136877	11.486276
6.780000	911.613630	954.177971	-42.564341	612.388590	13.844830
6.790000	911.614251	953.642100	-42.027849	612.044669	15.861548
6.800000	911.614917	951.160591	-39.545675	610.452044	17.486055
6.810000	911.615614	947.554907	-35.939293	608.137927	18.677786
6.820000	911.616264	943.777656	-32.161392	605.713698	19.407000
6.830000	911.616676	940.736671	-29.119994	603.762003	19.655531
6.840000	911.616756	939.007881	-27.391126	602.652471	19.417247
6.850000	911.616611	938.689966	-27.073355	602.448434	18.698215
6.860000	911.616425	939.543227	-27.926802	602.996055	17.516568
6.870000	911.615760	941.236106	-29.620345	604.082539	16.065116
6.880000	911.615795	943.227830	-31.612035	605.360821	15.125489
6.890000	911.616004	945.409762	-33.793758	606.761179	15.032902
6.900000	911.615957	947.906352	-36.290394	608.363483	14.642580
6.910000	911.615483	950.446615	-38.831131	609.993816	14.694100
6.920000	911.614795	952.288800	-40.674005	611.176125	15.626458
6.930000	911.614511	952.760597	-41.146087	611.478923	17.952104
6.940000	911.614554	951.444502	-39.829947	610.634257	20.206883
6.950000	911.613781	948.306029	-36.692248	608.619995	22.583169
6.960000	911.614135	942.820908	-31.206773	605.099660	25.411598
6.970000	911.615376	935.264606	-23.649231	600.250048	29.717548
6.980000	911.615978	926.631810	-15.015832	594.709545	34.444143
6.990000	911.616558	918.025947	-6.409389	589.186328	38.413223
